[20190307_084447 / views.py:11738]
fname_Src_CSV	44_5.1_10_rawdata.(USDJPY).(Period-M15).(NumOfUnits-4500).(Bars-ALL).20190214_094828.csv
slice by	day
this file	no-44.[ups-downs-in_BB].[v-1.0].(USDJPY-M15).(20190307_084446).csv
pair	USDJPY
timeframe	M15

[ups/downs]==============================
s.n.	start	end	total	UU	UD	DU	DD	%UU	%UD	%DU	%DD


[20190307_084447 / views.py:11753]


[lo_UU]==============================
s.n.	e0.dateTime	e1.dateTime	e0.CP	e1.CP	e0.BB_M2S	e0.BB_M1S	e0.BB_Main	e0.BB_1S	e0.BB_2S
1	2019.02.25 00:30	2019.02.25 00:45	110.739	110.759	110.588	110.623	110.659	110.694	110.730
2	2019.02.25 01:15	2019.02.25 01:30	110.772	110.795	110.601	110.642	110.683	110.724	110.765
3	2019.02.25 02:15	2019.02.25 02:30	110.800	110.839	110.604	110.657	110.710	110.762	110.815
4	2019.02.25 04:00	2019.02.25 04:15	110.702	110.702	110.632	110.684	110.736	110.788	110.840
5	2019.02.25 05:00	2019.02.25 05:15	110.618	110.630	110.607	110.669	110.730	110.792	110.854
6	2019.02.25 05:45	2019.02.25 06:00	110.643	110.644	110.577	110.646	110.716	110.786	110.856
7	2019.02.22 01:15	2019.02.22 01:30	110.679	110.683	110.631	110.666	110.701	110.735	110.770
8	2019.02.22 01:30	2019.02.22 01:45	110.683	110.703	110.634	110.665	110.697	110.728	110.760
9	2019.02.22 02:30	2019.02.22 02:45	110.693	110.710	110.644	110.664	110.684	110.704	110.724
10	2019.02.22 02:45	2019.02.22 03:00	110.710	110.716	110.646	110.666	110.686	110.706	110.726
11	2019.02.22 04:00	2019.02.22 04:15	110.715	110.752	110.643	110.666	110.690	110.713	110.736
12	2019.02.22 04:45	2019.02.22 05:00	110.743	110.745	110.637	110.667	110.697	110.727	110.757
13	2019.02.22 06:15	2019.02.22 06:30	110.770	110.794	110.661	110.690	110.719	110.748	110.776
14	2019.02.22 07:15	2019.02.22 07:30	110.757	110.778	110.687	110.712	110.737	110.762	110.788
15	2019.02.22 10:15	2019.02.22 10:30	110.749	110.768	110.714	110.734	110.754	110.775	110.795
16	2019.02.22 10:30	2019.02.22 10:45	110.768	110.772	110.717	110.736	110.756	110.776	110.796
17	2019.02.22 10:45	2019.02.22 11:00	110.772	110.784	110.719	110.738	110.758	110.778	110.797
18	2019.02.22 11:00	2019.02.22 11:15	110.784	110.824	110.721	110.741	110.760	110.780	110.800
19	2019.02.22 11:15	2019.02.22 11:30	110.824	110.832	110.715	110.739	110.763	110.787	110.811
20	2019.02.22 11:30	2019.02.22 11:45	110.832	110.835	110.710	110.738	110.765	110.793	110.820
21	2019.02.22 11:45	2019.02.22 12:00	110.835	110.891	110.705	110.737	110.768	110.799	110.831
22	2019.02.22 13:45	2019.02.22 14:00	110.868	110.880	110.693	110.752	110.811	110.869	110.928
23	2019.02.22 20:00	2019.02.22 20:15	110.587	110.634	110.589	110.637	110.686	110.734	110.782
24	2019.02.22 20:15	2019.02.22 20:30	110.634	110.637	110.588	110.633	110.678	110.724	110.769
25	2019.02.22 20:30	2019.02.22 20:45	110.637	110.654	110.584	110.630	110.675	110.721	110.767
26	2019.02.21 01:00	2019.02.21 01:15	110.804	110.821	110.677	110.739	110.802	110.865	110.927
27	2019.02.21 03:30	2019.02.21 03:45	110.698	110.707	110.641	110.710	110.778	110.846	110.915
28	2019.02.21 03:45	2019.02.21 04:00	110.707	110.745	110.634	110.703	110.772	110.840	110.909
29	2019.02.21 06:30	2019.02.21 06:45	110.772	110.790	110.641	110.694	110.746	110.798	110.851
30	2019.02.21 06:45	2019.02.21 07:00	110.790	110.807	110.642	110.695	110.748	110.801	110.855
31	2019.02.21 08:00	2019.02.21 08:15	110.723	110.755	110.660	110.710	110.759	110.808	110.858
32	2019.02.21 08:15	2019.02.21 08:30	110.755	110.759	110.683	110.724	110.765	110.806	110.846
33	2019.02.21 08:30	2019.02.21 08:45	110.759	110.769	110.692	110.730	110.768	110.806	110.843
34	2019.02.21 11:45	2019.02.21 12:00	110.700	110.732	110.671	110.707	110.744	110.780	110.816
35	2019.02.21 12:45	2019.02.21 13:00	110.735	110.757	110.670	110.704	110.737	110.770	110.804
36	2019.02.21 13:00	2019.02.21 13:15	110.757	110.758	110.672	110.705	110.739	110.772	110.806
37	2019.02.21 15:45	2019.02.21 16:00	110.638	110.651	110.638	110.674	110.709	110.745	110.781
38	2019.02.21 16:00	2019.02.21 16:15	110.651	110.665	110.633	110.670	110.708	110.745	110.783
39	2019.02.21 17:30	2019.02.21 17:45	110.655	110.660	110.592	110.640	110.688	110.736	110.785
40	2019.02.21 17:45	2019.02.21 18:00	110.660	110.716	110.590	110.638	110.685	110.732	110.779
41	2019.02.21 19:30	2019.02.21 19:45	110.796	110.800	110.582	110.635	110.688	110.740	110.793
42	2019.02.21 19:45	2019.02.21 20:00	110.800	110.813	110.576	110.634	110.692	110.750	110.808
43	2019.02.21 20:45	2019.02.21 21:00	110.768	110.773	110.588	110.652	110.716	110.780	110.845
44	2019.02.21 22:00	2019.02.21 22:15	110.707	110.718	110.629	110.681	110.734	110.787	110.839
45	2019.02.20 01:15	2019.02.20 01:30	110.590	110.599	110.527	110.564	110.601	110.638	110.675
46	2019.02.20 02:00	2019.02.20 02:15	110.630	110.650	110.539	110.573	110.607	110.641	110.675
47	2019.02.20 02:15	2019.02.20 02:30	110.650	110.692	110.538	110.573	110.608	110.643	110.678
48	2019.02.20 02:30	2019.02.20 02:45	110.692	110.748	110.537	110.572	110.608	110.643	110.679
49	2019.02.20 02:45	2019.02.20 03:00	110.748	110.780	110.521	110.567	110.613	110.659	110.705
50	2019.02.20 03:00	2019.02.20 03:15	110.780	110.844	110.502	110.561	110.619	110.677	110.736
51	2019.02.20 03:15	2019.02.20 03:30	110.844	110.898	110.477	110.553	110.629	110.705	110.781
52	2019.02.20 06:15	2019.02.20 06:30	110.778	110.828	110.586	110.678	110.769	110.861	110.952
53	2019.02.20 07:30	2019.02.20 07:45	110.832	110.871	110.736	110.776	110.816	110.856	110.896
54	2019.02.20 08:45	2019.02.20 09:00	110.842	110.895	110.756	110.789	110.821	110.854	110.887
55	2019.02.20 09:45	2019.02.20 10:00	110.891	110.894	110.748	110.789	110.830	110.872	110.913
56	2019.02.20 12:45	2019.02.20 13:00	110.779	110.783	110.749	110.792	110.836	110.879	110.923
57	2019.02.20 13:00	2019.02.20 13:15	110.783	110.835	110.743	110.788	110.832	110.877	110.922
58	2019.02.20 15:15	2019.02.20 15:30	110.755	110.778	110.721	110.757	110.793	110.829	110.865
59	2019.02.20 15:30	2019.02.20 15:45	110.778	110.795	110.723	110.756	110.789	110.822	110.855
60	2019.02.20 15:45	2019.02.20 16:00	110.795	110.819	110.726	110.756	110.786	110.817	110.847
61	2019.02.20 16:00	2019.02.20 16:15	110.819	110.821	110.733	110.758	110.784	110.810	110.836
62	2019.02.20 16:15	2019.02.20 16:30	110.821	110.842	110.732	110.759	110.786	110.813	110.840
63	2019.02.20 16:30	2019.02.20 16:45	110.842	110.856	110.729	110.759	110.788	110.818	110.848
64	2019.02.20 20:15	2019.02.20 20:30	110.663	110.672	110.612	110.684	110.756	110.828	110.899
65	2019.02.20 23:15	2019.02.20 23:30	110.863	110.889	110.598	110.675	110.752	110.828	110.905
66	2019.02.19 01:30	2019.02.19 01:45	110.585	110.593	110.568	110.580	110.591	110.602	110.614
67	2019.02.19 02:15	2019.02.19 02:30	110.580	110.586	110.560	110.574	110.589	110.603	110.617
68	2019.02.19 07:45	2019.02.19 08:00	110.622	110.658	110.420	110.485	110.550	110.615	110.680
69	2019.02.19 08:30	2019.02.19 08:45	110.677	110.680	110.421	110.496	110.571	110.646	110.721
70	2019.02.19 10:15	2019.02.19 10:30	110.720	110.743	110.495	110.564	110.632	110.700	110.769
71	2019.02.19 10:30	2019.02.19 10:45	110.743	110.795	110.517	110.581	110.645	110.709	110.773
72	2019.02.19 11:15	2019.02.19 11:30	110.737	110.761	110.582	110.629	110.676	110.723	110.770
73	2019.02.19 11:30	2019.02.19 11:45	110.761	110.766	110.581	110.631	110.681	110.732	110.782
74	2019.02.19 11:45	2019.02.19 12:00	110.766	110.794	110.581	110.634	110.687	110.740	110.793
75	2019.02.19 12:30	2019.02.19 12:45	110.785	110.812	110.607	110.659	110.712	110.765	110.818
76	2019.02.19 14:15	2019.02.19 14:30	110.762	110.769	110.662	110.706	110.750	110.794	110.838
77	2019.02.19 16:30	2019.02.19 16:45	110.614	110.637	110.586	110.659	110.732	110.805	110.878
78	2019.02.19 16:45	2019.02.19 17:00	110.637	110.672	110.575	110.650	110.725	110.801	110.876
79	2019.02.19 17:00	2019.02.19 17:15	110.672	110.674	110.570	110.645	110.719	110.794	110.868
80	2019.02.19 18:30	2019.02.19 18:45	110.629	110.675	110.525	110.598	110.671	110.744	110.817
81	2019.02.19 20:00	2019.02.19 20:15	110.528	110.533	110.500	110.558	110.617	110.676	110.735
82	2019.02.19 20:15	2019.02.19 20:30	110.533	110.552	110.498	110.552	110.607	110.662	110.716
83	2019.02.19 20:30	2019.02.19 20:45	110.552	110.557	110.493	110.547	110.601	110.655	110.709
84	2019.02.19 20:45	2019.02.19 21:00	110.557	110.579	110.490	110.543	110.596	110.650	110.703
85	2019.02.19 21:00	2019.02.19 21:15	110.579	110.630	110.489	110.543	110.596	110.649	110.703
86	2019.02.19 21:15	2019.02.19 21:30	110.630	110.687	110.494	110.547	110.600	110.653	110.706
87	2019.02.18 00:45	2019.02.18 01:00	110.493	110.518	110.385	110.416	110.447	110.478	110.509
88	2019.02.18 01:30	2019.02.18 01:45	110.507	110.572	110.384	110.418	110.451	110.484	110.517
89	2019.02.18 02:30	2019.02.18 02:45	110.476	110.519	110.373	110.418	110.463	110.508	110.553
90	2019.02.18 02:45	2019.02.18 03:00	110.519	110.526	110.373	110.420	110.466	110.513	110.560
91	2019.02.18 06:30	2019.02.18 06:45	110.524	110.543	110.472	110.495	110.519	110.542	110.565
92	2019.02.18 07:45	2019.02.18 08:00	110.530	110.543	110.498	110.511	110.523	110.536	110.549
93	2019.02.18 08:45	2019.02.18 09:00	110.554	110.559	110.495	110.511	110.527	110.543	110.559
94	2019.02.18 09:45	2019.02.18 10:00	110.553	110.606	110.492	110.512	110.532	110.552	110.572
95	2019.02.18 15:00	2019.02.18 15:15	110.551	110.565	110.510	110.530	110.550	110.570	110.590
96	2019.02.18 15:15	2019.02.18 15:30	110.565	110.572	110.515	110.532	110.548	110.565	110.581
97	2019.02.18 15:30	2019.02.18 15:45	110.572	110.588	110.517	110.532	110.547	110.563	110.578
98	2019.02.18 15:45	2019.02.18 16:00	110.588	110.595	110.515	110.532	110.548	110.565	110.581
99	2019.02.18 20:00	2019.02.18 20:15	110.577	110.578	110.559	110.569	110.579	110.589	110.599
100	2019.02.18 20:45	2019.02.18 21:00	110.581	110.594	110.561	110.570	110.579	110.588	110.598
101	2019.02.18 21:00	2019.02.18 21:15	110.594	110.596	110.561	110.570	110.579	110.588	110.597
102	2019.02.18 23:00	2019.02.18 23:15	110.589	110.589	110.560	110.571	110.582	110.593	110.604
103	2019.02.18 23:15	2019.02.18 23:30	110.589	110.621	110.562	110.573	110.583	110.593	110.604
104	2019.02.15 00:15	2019.02.15 00:30	110.465	110.499	110.429	110.489	110.548	110.608	110.667
105	2019.02.15 01:00	2019.02.15 01:15	110.496	110.522	110.422	110.476	110.530	110.584	110.638
106	2019.02.15 01:15	2019.02.15 01:30	110.522	110.526	110.426	110.476	110.525	110.574	110.624
107	2019.02.15 01:30	2019.02.15 01:45	110.526	110.539	110.434	110.477	110.520	110.562	110.605
108	2019.02.15 05:00	2019.02.15 05:15	110.291	110.292	110.245	110.329	110.413	110.497	110.582
109	2019.02.15 05:15	2019.02.15 05:30	110.292	110.317	110.230	110.317	110.404	110.492	110.579
110	2019.02.15 06:45	2019.02.15 07:00	110.301	110.302	110.228	110.285	110.342	110.400	110.457
111	2019.02.15 08:00	2019.02.15 08:15	110.368	110.389	110.260	110.289	110.318	110.347	110.375
112	2019.02.15 08:45	2019.02.15 09:00	110.397	110.471	110.254	110.288	110.321	110.354	110.387
113	2019.02.15 10:30	2019.02.15 10:45	110.330	110.343	110.243	110.290	110.337	110.384	110.431
114	2019.02.15 10:45	2019.02.15 11:00	110.343	110.355	110.246	110.292	110.339	110.385	110.432
115	2019.02.15 11:30	2019.02.15 11:45	110.377	110.398	110.258	110.302	110.347	110.391	110.435
116	2019.02.15 11:45	2019.02.15 12:00	110.398	110.412	110.263	110.307	110.351	110.396	110.440
117	2019.02.15 12:30	2019.02.15 12:45	110.421	110.455	110.275	110.321	110.366	110.411	110.457
118	2019.02.15 14:00	2019.02.15 14:15	110.455	110.462	110.273	110.329	110.384	110.440	110.495
119	2019.02.15 14:15	2019.02.15 14:30	110.462	110.505	110.271	110.329	110.387	110.445	110.502
120	2019.02.15 14:30	2019.02.15 14:45	110.505	110.516	110.274	110.335	110.396	110.457	110.518
121	2019.02.15 15:15	2019.02.15 15:30	110.570	110.614	110.301	110.366	110.431	110.495	110.560
122	2019.02.15 18:15	2019.02.15 18:30	110.511	110.520	110.380	110.435	110.490	110.545	110.599
123	2019.02.15 18:30	2019.02.15 18:45	110.520	110.548	110.387	110.441	110.494	110.548	110.601
124	2019.02.15 19:30	2019.02.15 19:45	110.557	110.560	110.408	110.459	110.510	110.562	110.613
125	2019.02.15 20:45	2019.02.15 21:00	110.437	110.445	110.400	110.447	110.493	110.540	110.587
126	2019.02.15 21:00	2019.02.15 21:15	110.445	110.450	110.395	110.442	110.490	110.537	110.584
127	2019.02.15 21:15	2019.02.15 21:30	110.450	110.466	110.399	110.445	110.491	110.537	110.583
128	2019.02.15 23:30	2019.02.15 23:45	110.428	110.443	110.360	110.413	110.466	110.520	110.573
129	2019.02.14 00:30	2019.02.14 00:45	111.028	111.030	110.885	110.926	110.968	111.009	111.051
130	2019.02.14 02:45	2019.02.14 03:00	110.887	110.946	110.877	110.924	110.972	111.020	111.068
131	2019.02.14 03:00	2019.02.14 03:15	110.946	110.984	110.883	110.928	110.973	111.018	111.063
132	2019.02.14 03:15	2019.02.14 03:30	110.984	111.020	110.883	110.928	110.973	111.018	111.062
133	2019.02.14 05:30	2019.02.14 05:45	110.977	111.069	110.886	110.926	110.967	111.007	111.048
134	2019.02.14 08:00	2019.02.14 08:15	111.042	111.050	110.952	110.981	111.010	111.039	111.068
135	2019.02.14 09:45	2019.02.14 10:00	111.065	111.087	110.971	111.003	111.034	111.066	111.098
136	2019.02.14 11:45	2019.02.14 12:00	110.995	111.009	110.981	111.012	111.043	111.075	111.106
137	2019.02.14 12:00	2019.02.14 12:15	111.009	111.035	110.979	111.011	111.043	111.075	111.107
138	2019.02.14 12:15	2019.02.14 12:30	111.035	111.041	110.980	111.012	111.044	111.075	111.107
139	2019.02.14 13:00	2019.02.14 13:15	111.052	111.056	110.982	111.013	111.045	111.076	111.107
140	2019.02.14 13:15	2019.02.14 13:30	111.056	111.080	110.982	111.013	111.045	111.076	111.108
141	2019.02.14 14:45	2019.02.14 15:00	111.037	111.038	110.980	111.010	111.039	111.069	111.098
142	2019.02.14 16:30	2019.02.14 16:45	110.556	110.617	110.548	110.738	110.927	111.117	111.307
143	2019.02.14 16:45	2019.02.14 17:00	110.617	110.731	110.508	110.708	110.909	111.109	111.310
144	2019.02.14 20:00	2019.02.14 20:15	110.602	110.624	110.489	110.583	110.677	110.771	110.865
145	2019.02.14 20:15	2019.02.14 20:30	110.624	110.634	110.541	110.600	110.658	110.717	110.776
146	2019.02.13 00:30	2019.02.13 00:45	110.461	110.461	110.432	110.456	110.480	110.504	110.528
147	2019.02.13 01:15	2019.02.13 01:30	110.454	110.480	110.428	110.452	110.476	110.500	110.524
148	2019.02.13 01:30	2019.02.13 01:45	110.480	110.513	110.429	110.452	110.475	110.499	110.522
149	2019.02.13 01:45	2019.02.13 02:00	110.513	110.542	110.430	110.452	110.475	110.498	110.520
150	2019.02.13 03:30	2019.02.13 03:45	110.571	110.582	110.406	110.449	110.492	110.536	110.579
151	2019.02.13 03:45	2019.02.13 04:00	110.582	110.599	110.403	110.451	110.498	110.545	110.592
152	2019.02.13 04:00	2019.02.13 04:15	110.599	110.613	110.400	110.452	110.504	110.556	110.608
153	2019.02.13 04:15	2019.02.13 04:30	110.613	110.621	110.399	110.455	110.511	110.567	110.623
154	2019.02.13 05:00	2019.02.13 05:15	110.618	110.685	110.410	110.473	110.535	110.598	110.660
155	2019.02.13 06:30	2019.02.13 06:45	110.593	110.599	110.493	110.541	110.590	110.638	110.686
156	2019.02.13 06:45	2019.02.13 07:00	110.599	110.611	110.504	110.549	110.594	110.639	110.684
157	2019.02.13 07:00	2019.02.13 07:15	110.611	110.627	110.510	110.554	110.597	110.641	110.685
158	2019.02.13 07:45	2019.02.13 08:00	110.628	110.645	110.547	110.579	110.612	110.644	110.677
159	2019.02.13 09:45	2019.02.13 10:00	110.684	110.752	110.578	110.606	110.634	110.663	110.691
160	2019.02.13 11:00	2019.02.13 11:15	110.722	110.724	110.560	110.605	110.650	110.695	110.740
161	2019.02.13 12:00	2019.02.13 12:15	110.690	110.700	110.590	110.630	110.670	110.710	110.750
162	2019.02.13 14:00	2019.02.13 14:15	110.651	110.680	110.628	110.658	110.688	110.717	110.747
163	2019.02.13 14:15	2019.02.13 14:30	110.680	110.721	110.632	110.660	110.689	110.718	110.746
164	2019.02.13 14:30	2019.02.13 14:45	110.721	110.730	110.638	110.666	110.693	110.720	110.747
165	2019.02.13 14:45	2019.02.13 15:00	110.730	110.736	110.638	110.667	110.695	110.724	110.752
166	2019.02.13 15:30	2019.02.13 15:45	110.818	110.850	110.623	110.661	110.699	110.737	110.775
167	2019.02.13 17:15	2019.02.13 17:30	110.800	110.827	110.605	110.673	110.741	110.809	110.877
168	2019.02.13 17:30	2019.02.13 17:45	110.827	110.875	110.608	110.678	110.748	110.817	110.887
169	2019.02.13 18:30	2019.02.13 18:45	110.825	110.853	110.637	110.708	110.778	110.849	110.920
170	2019.02.13 18:45	2019.02.13 19:00	110.853	110.881	110.665	110.727	110.790	110.853	110.915
171	2019.02.13 19:00	2019.02.13 19:15	110.881	110.914	110.688	110.745	110.801	110.858	110.915
172	2019.02.13 20:00	2019.02.13 20:15	110.914	110.915	110.740	110.789	110.839	110.889	110.938
173	2019.02.13 20:45	2019.02.13 21:00	110.930	110.935	110.770	110.814	110.859	110.903	110.947
174	2019.02.13 21:00	2019.02.13 21:15	110.935	110.947	110.770	110.817	110.864	110.910	110.957
175	2019.02.13 21:15	2019.02.13 21:30	110.947	110.957	110.770	110.819	110.869	110.919	110.968
176	2019.02.13 21:30	2019.02.13 21:45	110.957	110.990	110.775	110.826	110.877	110.928	110.978
177	2019.02.13 22:15	2019.02.13 22:30	110.991	110.997	110.800	110.853	110.905	110.957	111.010
178	2019.02.13 22:30	2019.02.13 22:45	110.997	110.998	110.808	110.861	110.914	110.966	111.019
179	2019.02.13 22:45	2019.02.13 23:00	110.998	111.008	110.809	110.865	110.920	110.975	111.030
180	2019.02.13 23:00	2019.02.13 23:15	111.008	111.041	110.817	110.873	110.928	110.983	111.039
181	2019.02.12 00:30	2019.02.12 00:45	110.372	110.382	110.336	110.366	110.396	110.427	110.457
182	2019.02.12 00:45	2019.02.12 01:00	110.382	110.431	110.338	110.365	110.393	110.420	110.448
183	2019.02.12 01:30	2019.02.12 01:45	110.371	110.392	110.342	110.364	110.386	110.407	110.429
184	2019.02.12 01:45	2019.02.12 02:00	110.392	110.428	110.345	110.365	110.384	110.403	110.422
185	2019.02.12 02:00	2019.02.12 02:15	110.428	110.456	110.343	110.364	110.384	110.405	110.425
186	2019.02.12 02:15	2019.02.12 02:30	110.456	110.489	110.336	110.362	110.388	110.413	110.439
187	2019.02.12 02:30	2019.02.12 02:45	110.489	110.506	110.324	110.358	110.391	110.425	110.459
188	2019.02.12 03:45	2019.02.12 04:00	110.467	110.469	110.319	110.365	110.411	110.456	110.502
189	2019.02.12 05:15	2019.02.12 05:30	110.482	110.553	110.359	110.400	110.442	110.483	110.525
190	2019.02.12 05:30	2019.02.12 05:45	110.553	110.647	110.361	110.406	110.451	110.496	110.541
191	2019.02.12 06:45	2019.02.12 07:00	110.592	110.603	110.376	110.440	110.504	110.568	110.632
192	2019.02.12 09:15	2019.02.12 09:30	110.539	110.578	110.456	110.503	110.551	110.598	110.645
193	2019.02.12 09:30	2019.02.12 09:45	110.578	110.617	110.467	110.511	110.556	110.600	110.645
194	2019.02.12 12:45	2019.02.12 13:00	110.486	110.492	110.472	110.513	110.554	110.594	110.635
195	2019.02.12 13:00	2019.02.12 13:15	110.492	110.523	110.466	110.508	110.551	110.594	110.637
196	2019.02.12 13:15	2019.02.12 13:30	110.523	110.535	110.463	110.506	110.550	110.593	110.636
197	2019.02.12 16:30	2019.02.12 16:45	110.407	110.466	110.351	110.408	110.465	110.522	110.579
198	2019.02.12 16:45	2019.02.12 17:00	110.466	110.486	110.353	110.407	110.461	110.515	110.569
199	2019.02.12 17:00	2019.02.12 17:15	110.486	110.510	110.356	110.407	110.458	110.509	110.561
200	2019.02.12 17:45	2019.02.12 18:00	110.510	110.520	110.355	110.408	110.460	110.513	110.565
201	2019.02.12 19:15	2019.02.12 19:30	110.484	110.540	110.359	110.408	110.457	110.505	110.554
202	2019.02.12 20:15	2019.02.12 20:30	110.462	110.501	110.381	110.427	110.473	110.520	110.566
203	2019.02.12 20:30	2019.02.12 20:45	110.501	110.520	110.391	110.434	110.478	110.522	110.566
204	2019.02.11 00:00	2019.02.11 00:15	109.819	109.820	109.709	109.740	109.770	109.800	109.830
205	2019.02.11 01:00	2019.02.11 01:15	109.815	109.861	109.738	109.762	109.787	109.811	109.835
206	2019.02.11 02:00	2019.02.11 02:15	109.825	109.829	109.734	109.766	109.798	109.830	109.861
207	2019.02.11 04:00	2019.02.11 04:15	109.808	109.818	109.749	109.779	109.809	109.840	109.870
208	2019.02.11 04:15	2019.02.11 04:30	109.818	109.842	109.761	109.787	109.813	109.839	109.865
209	2019.02.11 04:30	2019.02.11 04:45	109.842	109.896	109.770	109.794	109.817	109.841	109.864
210	2019.02.11 04:45	2019.02.11 05:00	109.896	109.930	109.780	109.803	109.825	109.847	109.870
211	2019.02.11 05:30	2019.02.11 05:45	109.965	109.969	109.752	109.798	109.843	109.888	109.934
212	2019.02.11 07:30	2019.02.11 07:45	109.966	109.982	109.757	109.828	109.899	109.969	110.040
213	2019.02.11 08:30	2019.02.11 08:45	109.958	109.976	109.808	109.868	109.928	109.988	110.048
214	2019.02.11 08:45	2019.02.11 09:00	109.976	109.985	109.830	109.884	109.937	109.990	110.043
215	2019.02.11 10:00	2019.02.11 10:15	109.983	110.014	109.931	109.949	109.967	109.985	110.003
216	2019.02.11 10:15	2019.02.11 10:30	110.014	110.016	109.940	109.956	109.972	109.988	110.004
217	2019.02.11 10:30	2019.02.11 10:45	110.016	110.087	109.938	109.956	109.975	109.993	110.012
218	2019.02.11 10:45	2019.02.11 11:00	110.087	110.201	109.920	109.950	109.981	110.011	110.042
219	2019.02.11 11:00	2019.02.11 11:15	110.201	110.228	109.879	109.936	109.992	110.049	110.106
220	2019.02.11 11:15	2019.02.11 11:30	110.228	110.238	109.855	109.931	110.006	110.082	110.157
221	2019.02.11 11:30	2019.02.11 11:45	110.238	110.252	109.841	109.931	110.021	110.110	110.200
222	2019.02.11 14:00	2019.02.11 14:15	110.170	110.188	109.930	110.028	110.126	110.224	110.322
223	2019.02.11 14:15	2019.02.11 14:30	110.188	110.206	109.954	110.046	110.137	110.228	110.320
224	2019.02.11 14:30	2019.02.11 14:45	110.206	110.221	109.977	110.062	110.148	110.234	110.319
225	2019.02.11 15:15	2019.02.11 15:30	110.277	110.361	110.064	110.124	110.184	110.244	110.304
226	2019.02.11 15:30	2019.02.11 15:45	110.361	110.363	110.084	110.143	110.202	110.260	110.319
227	2019.02.11 15:45	2019.02.11 16:00	110.363	110.401	110.090	110.153	110.215	110.278	110.340
228	2019.02.11 16:00	2019.02.11 16:15	110.401	110.444	110.077	110.151	110.225	110.300	110.374
229	2019.02.11 16:45	2019.02.11 17:00	110.406	110.413	110.050	110.151	110.252	110.353	110.454
230	2019.02.11 18:45	2019.02.11 19:00	110.407	110.418	110.161	110.250	110.340	110.429	110.519
231	2019.02.11 19:00	2019.02.11 19:15	110.418	110.429	110.188	110.270	110.352	110.434	110.516
232	2019.02.11 19:45	2019.02.11 20:00	110.453	110.459	110.272	110.329	110.387	110.444	110.502
233	2019.02.11 22:15	2019.02.11 22:30	110.379	110.382	110.353	110.382	110.411	110.439	110.468
234	2019.02.11 22:30	2019.02.11 22:45	110.382	110.398	110.351	110.379	110.408	110.436	110.465
235	2019.02.08 02:00	2019.02.08 02:15	109.776	109.818	109.751	109.780	109.809	109.838	109.867
236	2019.02.08 02:15	2019.02.08 02:30	109.818	109.831	109.751	109.780	109.809	109.839	109.868
237	2019.02.08 03:30	2019.02.08 03:45	109.720	109.732	109.702	109.744	109.786	109.828	109.871
238	2019.02.08 04:15	2019.02.08 04:30	109.738	109.742	109.684	109.726	109.767	109.809	109.850
239	2019.02.08 04:30	2019.02.08 04:45	109.742	109.760	109.684	109.723	109.763	109.803	109.843
240	2019.02.08 05:30	2019.02.08 05:45	109.757	109.777	109.683	109.719	109.755	109.792	109.828
241	2019.02.08 05:45	2019.02.08 06:00	109.777	109.778	109.683	109.719	109.756	109.792	109.829
242	2019.02.08 07:15	2019.02.08 07:30	109.730	109.756	109.674	109.706	109.738	109.770	109.802
243	2019.02.08 08:30	2019.02.08 08:45	109.712	109.725	109.682	109.708	109.734	109.759	109.785
244	2019.02.08 08:45	2019.02.08 09:00	109.725	109.768	109.682	109.708	109.733	109.759	109.785
245	2019.02.08 09:45	2019.02.08 10:00	109.745	109.780	109.688	109.712	109.736	109.760	109.783
246	2019.02.08 10:00	2019.02.08 10:15	109.780	109.782	109.686	109.712	109.737	109.762	109.787
247	2019.02.08 10:15	2019.02.08 10:30	109.782	109.810	109.685	109.712	109.739	109.766	109.793
248	2019.02.08 12:45	2019.02.08 13:00	109.850	109.864	109.673	109.731	109.789	109.848	109.906
249	2019.02.08 15:00	2019.02.08 15:15	109.781	109.784	109.750	109.787	109.823	109.860	109.897
250	2019.02.08 15:15	2019.02.08 15:30	109.784	109.844	109.751	109.787	109.823	109.860	109.897
251	2019.02.08 19:15	2019.02.08 19:30	109.712	109.724	109.664	109.709	109.753	109.797	109.841
252	2019.02.08 20:00	2019.02.08 20:15	109.757	109.768	109.659	109.703	109.748	109.792	109.837
253	2019.02.08 20:15	2019.02.08 20:30	109.768	109.773	109.659	109.703	109.747	109.791	109.835
254	2019.02.08 20:30	2019.02.08 20:45	109.773	109.783	109.666	109.705	109.743	109.782	109.820
255	2019.02.08 20:45	2019.02.08 21:00	109.783	109.804	109.670	109.706	109.741	109.777	109.813
256	2019.02.08 21:00	2019.02.08 21:15	109.804	109.818	109.668	109.705	109.742	109.779	109.817
257	2019.02.08 22:30	2019.02.08 22:45	109.779	109.795	109.669	109.710	109.751	109.792	109.833
258	2019.02.07 01:30	2019.02.07 01:45	109.925	109.985	109.911	109.934	109.958	109.982	110.005
259	2019.02.07 03:15	2019.02.07 03:30	109.777	109.782	109.796	109.860	109.925	109.989	110.054
260	2019.02.07 03:30	2019.02.07 03:45	109.782	109.815	109.774	109.845	109.917	109.988	110.060
261	2019.02.07 04:15	2019.02.07 04:30	109.822	109.843	109.734	109.813	109.892	109.971	110.050
262	2019.02.07 04:30	2019.02.07 04:45	109.843	109.868	109.730	109.808	109.886	109.964	110.043
263	2019.02.07 05:45	2019.02.07 06:00	109.892	109.958	109.742	109.802	109.863	109.924	109.985
264	2019.02.07 07:15	2019.02.07 07:30	109.917	109.927	109.741	109.804	109.867	109.930	109.993
265	2019.02.07 07:30	2019.02.07 07:45	109.927	109.946	109.741	109.805	109.868	109.932	109.996
266	2019.02.07 08:30	2019.02.07 08:45	109.951	109.955	109.791	109.844	109.897	109.950	110.002
267	2019.02.07 10:00	2019.02.07 10:15	109.975	110.033	109.882	109.906	109.930	109.955	109.979
268	2019.02.07 16:45	2019.02.07 17:00	109.760	109.782	109.636	109.704	109.771	109.838	109.905
269	2019.02.07 17:00	2019.02.07 17:15	109.782	109.796	109.640	109.703	109.766	109.830	109.893
270	2019.02.07 17:15	2019.02.07 17:30	109.796	109.825	109.644	109.703	109.763	109.822	109.882
271	2019.02.07 18:00	2019.02.07 18:15	109.748	109.763	109.652	109.702	109.751	109.801	109.851
272	2019.02.07 19:00	2019.02.07 19:15	109.732	109.774	109.655	109.696	109.737	109.779	109.820
273	2019.02.07 19:15	2019.02.07 19:30	109.774	109.794	109.655	109.696	109.738	109.779	109.821
274	2019.02.07 19:30	2019.02.07 19:45	109.794	109.793	109.656	109.699	109.742	109.785	109.827
275	2019.02.07 19:45	2019.02.07 20:00	109.793	109.815	109.670	109.709	109.749	109.788	109.827
276	2019.02.07 20:00	2019.02.07 20:15	109.815	109.824	109.685	109.721	109.757	109.792	109.828
277	2019.02.07 22:15	2019.02.07 22:30	109.831	109.852	109.713	109.754	109.794	109.835	109.876
278	2019.02.06 03:30	2019.02.06 03:45	109.888	109.985	109.866	109.900	109.933	109.967	110.000
279	2019.02.06 06:00	2019.02.06 06:15	109.818	109.819	109.676	109.767	109.858	109.949	110.040
280	2019.02.06 08:15	2019.02.06 08:30	109.752	109.760	109.643	109.717	109.791	109.866	109.940
281	2019.02.06 08:30	2019.02.06 08:45	109.760	109.805	109.643	109.714	109.785	109.856	109.927
282	2019.02.06 11:15	2019.02.06 11:30	109.635	109.662	109.580	109.646	109.712	109.777	109.843
283	2019.02.06 12:45	2019.02.06 13:00	109.672	109.708	109.565	109.621	109.678	109.734	109.791
284	2019.02.06 13:00	2019.02.06 13:15	109.708	109.733	109.567	109.621	109.676	109.730	109.785
285	2019.02.06 13:15	2019.02.06 13:30	109.733	109.733	109.568	109.621	109.675	109.728	109.782
286	2019.02.06 13:30	2019.02.06 13:45	109.733	109.754	109.570	109.622	109.673	109.725	109.776
287	2019.02.06 13:45	2019.02.06 14:00	109.754	109.760	109.579	109.625	109.671	109.717	109.763
288	2019.02.06 15:15	2019.02.06 15:30	109.774	109.805	109.571	109.630	109.690	109.749	109.809
289	2019.02.06 17:15	2019.02.06 17:30	109.685	109.721	109.654	109.693	109.731	109.770	109.809
290	2019.02.06 17:30	2019.02.06 17:45	109.721	109.815	109.666	109.700	109.735	109.769	109.804
291	2019.02.06 20:00	2019.02.06 20:15	109.898	109.943	109.660	109.709	109.759	109.808	109.858
292	2019.02.06 20:15	2019.02.06 20:30	109.943	109.992	109.640	109.703	109.767	109.831	109.895
293	2019.02.06 21:00	2019.02.06 21:15	109.971	109.974	109.606	109.702	109.797	109.893	109.989
294	2019.02.06 22:45	2019.02.06 23:00	109.947	109.965	109.684	109.782	109.879	109.976	110.074
295	2019.02.06 23:00	2019.02.06 23:15	109.965	109.986	109.692	109.790	109.887	109.985	110.082
296	2019.02.05 00:15	2019.02.05 00:30	109.871	109.880	109.835	109.863	109.891	109.920	109.948
297	2019.02.05 00:30	2019.02.05 00:45	109.880	109.897	109.834	109.862	109.891	109.919	109.947
298	2019.02.05 00:45	2019.02.05 01:00	109.897	109.935	109.834	109.862	109.890	109.919	109.947
299	2019.02.05 01:00	2019.02.05 01:15	109.935	109.953	109.833	109.862	109.891	109.920	109.950
300	2019.02.05 01:45	2019.02.05 02:00	109.976	109.983	109.828	109.865	109.903	109.940	109.977
301	2019.02.05 02:00	2019.02.05 02:15	109.983	109.990	109.835	109.872	109.910	109.948	109.985
302	2019.02.05 03:30	2019.02.05 03:45	109.988	110.024	109.848	109.893	109.938	109.983	110.028
303	2019.02.05 05:15	2019.02.05 05:30	109.959	109.978	109.902	109.935	109.968	110.001	110.034
304	2019.02.05 08:00	2019.02.05 08:15	109.862	109.891	109.820	109.878	109.935	109.992	110.049
305	2019.02.05 08:15	2019.02.05 08:30	109.891	109.910	109.816	109.873	109.930	109.987	110.044
306	2019.02.05 09:45	2019.02.05 10:00	109.855	109.866	109.807	109.850	109.894	109.938	109.982
307	2019.02.05 10:00	2019.02.05 10:15	109.866	109.917	109.806	109.848	109.890	109.932	109.974
308	2019.02.05 11:00	2019.02.05 11:15	109.936	109.996	109.819	109.850	109.881	109.912	109.943
309	2019.02.05 11:45	2019.02.05 12:00	109.998	110.015	109.795	109.844	109.892	109.941	109.990
310	2019.02.05 13:00	2019.02.05 13:15	109.947	109.962	109.819	109.870	109.921	109.972	110.023
311	2019.02.05 14:30	2019.02.05 14:45	109.950	109.955	109.860	109.901	109.942	109.983	110.024
312	2019.02.05 16:30	2019.02.05 16:45	109.926	109.945	109.844	109.889	109.934	109.979	110.024
313	2019.02.05 17:30	2019.02.05 17:45	109.851	109.898	109.825	109.869	109.912	109.956	110.000
314	2019.02.05 18:30	2019.02.05 18:45	109.926	109.987	109.818	109.859	109.901	109.942	109.984
315	2019.02.05 20:15	2019.02.05 20:30	109.903	109.922	109.813	109.853	109.894	109.934	109.975
316	2019.02.05 20:30	2019.02.05 20:45	109.922	109.948	109.822	109.860	109.898	109.937	109.975
317	2019.02.05 20:45	2019.02.05 21:00	109.948	109.961	109.823	109.863	109.902	109.941	109.981
318	2019.02.05 21:30	2019.02.05 21:45	109.966	109.977	109.831	109.872	109.913	109.954	109.994
319	2019.02.04 02:30	2019.02.04 02:45	109.522	109.553	109.444	109.469	109.494	109.519	109.544
320	2019.02.04 04:15	2019.02.04 04:30	109.553	109.562	109.437	109.471	109.505	109.539	109.573
321	2019.02.04 05:30	2019.02.04 05:45	109.602	109.614	109.434	109.479	109.524	109.569	109.615
322	2019.02.04 05:45	2019.02.04 06:00	109.614	109.634	109.435	109.483	109.531	109.579	109.627
323	2019.02.04 06:00	2019.02.04 06:15	109.634	109.682	109.436	109.487	109.539	109.590	109.641
324	2019.02.04 06:15	2019.02.04 06:30	109.682	109.722	109.435	109.493	109.550	109.607	109.664
325	2019.02.04 06:30	2019.02.04 06:45	109.722	109.762	109.438	109.501	109.564	109.627	109.690
326	2019.02.04 06:45	2019.02.04 07:00	109.762	109.763	109.440	109.510	109.580	109.650	109.720
327	2019.02.04 07:45	2019.02.04 08:00	109.747	109.754	109.448	109.537	109.625	109.714	109.803
328	2019.02.04 09:30	2019.02.04 09:45	109.826	109.833	109.547	109.628	109.709	109.789	109.870
329	2019.02.04 09:45	2019.02.04 10:00	109.833	109.847	109.567	109.645	109.722	109.800	109.878
330	2019.02.04 10:00	2019.02.04 10:15	109.847	109.879	109.584	109.660	109.735	109.811	109.887
331	2019.02.04 10:15	2019.02.04 10:30	109.879	109.884	109.608	109.679	109.751	109.822	109.894
332	2019.02.04 11:00	2019.02.04 11:15	109.881	109.887	109.677	109.733	109.789	109.845	109.901
333	2019.02.04 11:45	2019.02.04 12:00	109.877	109.886	109.703	109.758	109.812	109.866	109.921
334	2019.02.04 12:00	2019.02.04 12:15	109.886	109.897	109.707	109.763	109.818	109.874	109.929
335	2019.02.04 13:30	2019.02.04 13:45	109.867	109.869	109.774	109.814	109.855	109.896	109.937
336	2019.02.04 13:45	2019.02.04 14:00	109.869	109.889	109.788	109.824	109.860	109.896	109.932
337	2019.02.04 15:00	2019.02.04 15:15	109.888	109.922	109.855	109.867	109.880	109.893	109.905
338	2019.02.04 15:15	2019.02.04 15:30	109.922	109.945	109.851	109.867	109.882	109.898	109.913
339	2019.02.04 15:30	2019.02.04 15:45	109.945	109.995	109.844	109.864	109.885	109.906	109.927
340	2019.02.04 15:45	2019.02.04 16:00	109.995	110.054	109.833	109.863	109.893	109.923	109.953
341	2019.02.04 16:00	2019.02.04 16:15	110.054	110.066	109.809	109.855	109.901	109.947	109.993
342	2019.02.04 19:45	2019.02.04 20:00	109.905	109.919	109.866	109.930	109.994	110.059	110.123
343	2019.02.04 21:15	2019.02.04 21:30	109.847	109.875	109.804	109.884	109.963	110.043	110.122
344	2019.02.04 21:30	2019.02.04 21:45	109.875	109.918	109.796	109.875	109.954	110.033	110.112
345	2019.02.04 22:15	2019.02.04 22:30	109.907	109.913	109.804	109.867	109.930	109.993	110.055
346	2019.02.04 22:30	2019.02.04 22:45	109.913	109.933	109.804	109.865	109.926	109.987	110.047
347	2019.02.01 01:00	2019.02.01 01:15	108.847	108.868	108.789	108.823	108.856	108.890	108.924
348	2019.02.01 03:45	2019.02.01 04:00	108.812	108.861	108.774	108.819	108.864	108.910	108.955
349	2019.02.01 04:00	2019.02.01 04:15	108.861	108.884	108.775	108.818	108.861	108.904	108.948
350	2019.02.01 07:00	2019.02.01 07:15	108.876	108.887	108.800	108.838	108.876	108.915	108.953
351	2019.02.01 09:00	2019.02.01 09:15	108.895	108.949	108.850	108.867	108.884	108.901	108.919
352	2019.02.01 09:15	2019.02.01 09:30	108.949	108.964	108.843	108.865	108.888	108.910	108.932
353	2019.02.01 13:45	2019.02.01 14:00	108.886	108.899	108.859	108.887	108.916	108.945	108.973
354	2019.02.01 14:00	2019.02.01 14:15	108.899	108.905	108.859	108.888	108.916	108.945	108.973
355	2019.02.01 14:15	2019.02.01 14:30	108.905	108.920	108.859	108.886	108.914	108.942	108.969
356	2019.02.01 15:15	2019.02.01 15:30	108.903	108.945	108.864	108.884	108.905	108.925	108.946
357	2019.02.01 15:30	2019.02.01 15:45	108.945	108.981	108.867	108.886	108.904	108.922	108.940
358	2019.02.01 15:45	2019.02.01 16:00	108.981	109.029	108.858	108.882	108.906	108.930	108.954
359	2019.02.01 16:00	2019.02.01 16:15	109.029	109.053	108.840	108.876	108.912	108.948	108.984
360	2019.02.01 16:15	2019.02.01 16:30	109.053	109.072	108.824	108.872	108.919	108.966	109.013
361	2019.02.01 16:30	2019.02.01 16:45	109.072	109.110	108.815	108.872	108.929	108.985	109.042
362	2019.02.01 16:45	2019.02.01 17:00	109.110	109.342	108.800	108.869	108.938	109.007	109.076
363	2019.02.01 17:00	2019.02.01 17:15	109.342	109.440	108.737	108.849	108.960	109.071	109.183
364	2019.02.01 18:00	2019.02.01 18:15	109.430	109.465	108.650	108.856	109.063	109.269	109.476
365	2019.02.01 18:15	2019.02.01 18:30	109.465	109.515	108.652	108.872	109.092	109.312	109.531
366	2019.02.01 18:30	2019.02.01 18:45	109.515	109.546	108.660	108.892	109.124	109.356	109.588
367	2019.02.01 18:45	2019.02.01 19:00	109.546	109.551	108.672	108.915	109.157	109.399	109.642
368	2019.02.01 23:15	2019.02.01 23:30	109.490	109.496	109.486	109.508	109.530	109.552	109.575
369	2019.01.31 00:15	2019.01.31 00:30	109.022	109.040	108.651	108.906	109.161	109.416	109.671
370	2019.01.31 00:30	2019.01.31 00:45	109.040	109.056	108.654	108.895	109.137	109.378	109.620
371	2019.01.31 05:15	2019.01.31 05:30	108.833	108.903	108.785	108.851	108.917	108.983	109.048
372	2019.01.31 07:45	2019.01.31 08:00	108.736	108.747	108.729	108.786	108.843	108.900	108.957
373	2019.01.31 08:00	2019.01.31 08:15	108.747	108.782	108.719	108.777	108.834	108.892	108.949
374	2019.01.31 08:15	2019.01.31 08:30	108.782	108.788	108.716	108.772	108.828	108.883	108.939
375	2019.01.31 08:30	2019.01.31 08:45	108.788	108.793	108.715	108.768	108.822	108.876	108.930
376	2019.01.31 09:30	2019.01.31 09:45	108.717	108.732	108.687	108.742	108.797	108.852	108.907
377	2019.01.31 10:15	2019.01.31 10:30	108.675	108.752	108.649	108.713	108.776	108.840	108.904
378	2019.01.31 12:15	2019.01.31 12:30	108.581	108.603	108.546	108.623	108.701	108.779	108.856
379	2019.01.31 14:30	2019.01.31 14:45	108.609	108.652	108.508	108.572	108.636	108.700	108.765
380	2019.01.31 16:30	2019.01.31 16:45	108.569	108.659	108.524	108.558	108.593	108.628	108.662
381	2019.01.31 16:45	2019.01.31 17:00	108.659	108.731	108.525	108.561	108.598	108.634	108.671
382	2019.01.31 17:30	2019.01.31 17:45	108.752	108.827	108.506	108.564	108.622	108.680	108.738
383	2019.01.31 17:45	2019.01.31 18:00	108.827	108.832	108.488	108.560	108.633	108.706	108.779
384	2019.01.31 18:00	2019.01.31 18:15	108.832	108.844	108.479	108.563	108.646	108.730	108.813
385	2019.01.31 18:15	2019.01.31 18:30	108.844	108.873	108.469	108.563	108.656	108.750	108.844
386	2019.01.31 19:00	2019.01.31 19:15	108.856	108.874	108.460	108.576	108.691	108.807	108.922
387	2019.01.31 20:30	2019.01.31 20:45	108.846	108.869	108.530	108.644	108.758	108.872	108.986
388	2019.01.31 21:30	2019.01.31 21:45	108.864	108.878	108.706	108.762	108.818	108.875	108.931
389	2019.01.31 22:15	2019.01.31 22:30	108.837	108.863	108.781	108.810	108.839	108.868	108.896
390	2019.01.31 22:30	2019.01.31 22:45	108.863	108.910	108.802	108.823	108.844	108.865	108.887
391	2019.01.31 22:45	2019.01.31 23:00	108.910	108.925	108.798	108.823	108.849	108.874	108.899
392	2019.01.30 00:15	2019.01.30 00:30	109.328	109.344	109.276	109.314	109.352	109.390	109.428
393	2019.01.30 00:30	2019.01.30 00:45	109.344	109.355	109.276	109.313	109.349	109.385	109.421
394	2019.01.30 00:45	2019.01.30 01:00	109.355	109.417	109.277	109.312	109.347	109.383	109.418
395	2019.01.30 01:00	2019.01.30 01:15	109.417	109.426	109.273	109.312	109.350	109.389	109.427
396	2019.01.30 02:45	2019.01.30 03:00	109.382	109.404	109.284	109.324	109.364	109.405	109.445
397	2019.01.30 05:00	2019.01.30 05:15	109.351	109.364	109.226	109.286	109.346	109.406	109.466
398	2019.01.30 05:15	2019.01.30 05:30	109.364	109.392	109.228	109.288	109.348	109.408	109.468
399	2019.01.30 09:45	2019.01.30 10:00	109.312	109.312	109.238	109.280	109.322	109.364	109.406
400	2019.01.30 10:30	2019.01.30 10:45	109.353	109.369	109.241	109.278	109.316	109.353	109.391
401	2019.01.30 12:45	2019.01.30 13:00	109.401	109.436	109.239	109.284	109.329	109.373	109.418
402	2019.01.30 13:45	2019.01.30 14:00	109.408	109.414	109.273	109.315	109.358	109.400	109.442
403	2019.01.30 15:00	2019.01.30 15:15	109.434	109.536	109.322	109.355	109.387	109.419	109.451
404	2019.01.30 15:45	2019.01.30 16:00	109.572	109.710	109.298	109.357	109.416	109.476	109.535
405	2019.01.30 21:45	2019.01.30 22:00	108.928	108.976	108.999	109.230	109.461	109.692	109.923
406	2019.01.30 22:45	2019.01.30 23:00	108.942	109.028	108.751	109.039	109.326	109.614	109.902
407	2019.01.29 02:00	2019.01.29 02:15	109.287	109.289	109.242	109.283	109.323	109.363	109.403
408	2019.01.29 03:45	2019.01.29 04:00	109.184	109.201	109.149	109.210	109.270	109.331	109.391
409	2019.01.29 04:00	2019.01.29 04:15	109.201	109.216	109.148	109.204	109.261	109.318	109.374
410	2019.01.29 06:15	2019.01.29 06:30	109.238	109.243	109.142	109.181	109.221	109.260	109.299
411	2019.01.29 06:30	2019.01.29 06:45	109.243	109.272	109.150	109.183	109.217	109.251	109.285
412	2019.01.29 07:15	2019.01.29 07:30	109.280	109.324	109.152	109.184	109.217	109.249	109.282
413	2019.01.29 10:30	2019.01.29 10:45	109.291	109.322	109.198	109.229	109.261	109.293	109.325
414	2019.01.29 10:45	2019.01.29 11:00	109.322	109.381	109.199	109.233	109.266	109.300	109.333
415	2019.01.29 11:00	2019.01.29 11:15	109.381	109.406	109.193	109.234	109.274	109.314	109.355
416	2019.01.29 11:15	2019.01.29 11:30	109.406	109.419	109.185	109.234	109.282	109.331	109.380
417	2019.01.29 11:30	2019.01.29 11:45	109.419	109.444	109.179	109.235	109.291	109.347	109.403
418	2019.01.29 12:30	2019.01.29 12:45	109.412	109.424	109.168	109.242	109.317	109.391	109.465
419	2019.01.29 12:45	2019.01.29 13:00	109.424	109.432	109.166	109.244	109.322	109.400	109.478
420	2019.01.29 13:30	2019.01.29 13:45	109.451	109.455	109.175	109.261	109.346	109.431	109.516
421	2019.01.29 13:45	2019.01.29 14:00	109.455	109.463	109.180	109.268	109.355	109.442	109.529
422	2019.01.29 15:15	2019.01.29 15:30	109.485	109.501	109.329	109.376	109.423	109.470	109.517
423	2019.01.29 16:30	2019.01.29 16:45	109.434	109.442	109.384	109.414	109.444	109.473	109.503
424	2019.01.29 17:15	2019.01.29 17:30	109.394	109.398	109.369	109.404	109.440	109.476	109.512
425	2019.01.29 18:15	2019.01.29 18:30	109.305	109.353	109.303	109.362	109.422	109.481	109.541
426	2019.01.29 18:30	2019.01.29 18:45	109.353	109.367	109.295	109.356	109.417	109.478	109.539
427	2019.01.29 18:45	2019.01.29 19:00	109.367	109.383	109.290	109.351	109.412	109.474	109.535
428	2019.01.29 19:00	2019.01.29 19:15	109.383	109.395	109.288	109.348	109.408	109.469	109.529
429	2019.01.29 19:15	2019.01.29 19:30	109.395	109.404	109.286	109.346	109.406	109.466	109.526
430	2019.01.29 20:15	2019.01.29 20:30	109.371	109.393	109.284	109.336	109.388	109.439	109.491
431	2019.01.29 20:30	2019.01.29 20:45	109.393	109.419	109.293	109.338	109.382	109.427	109.472
432	2019.01.29 22:00	2019.01.29 22:15	109.292	109.294	109.279	109.319	109.359	109.399	109.439
433	2019.01.29 22:15	2019.01.29 22:30	109.294	109.326	109.271	109.312	109.354	109.395	109.437
434	2019.01.29 22:30	2019.01.29 22:45	109.326	109.345	109.269	109.309	109.350	109.391	109.431
435	2019.01.29 22:45	2019.01.29 23:00	109.345	109.351	109.270	109.311	109.351	109.391	109.432
436	2019.01.29 23:00	2019.01.29 23:15	109.351	109.365	109.277	109.315	109.354	109.392	109.430
437	2019.01.29 23:15	2019.01.29 23:30	109.365	109.377	109.283	109.320	109.357	109.393	109.430
438	2019.01.29 23:30	2019.01.29 23:45	109.377	109.386	109.284	109.321	109.358	109.395	109.432
439	2019.01.28 00:45	2019.01.28 01:00	109.531	109.554	109.411	109.507	109.603	109.699	109.795
440	2019.01.28 03:15	2019.01.28 03:30	109.304	109.352	109.265	109.360	109.456	109.552	109.648
441	2019.01.28 03:30	2019.01.28 03:45	109.352	109.419	109.255	109.351	109.446	109.541	109.637
442	2019.01.28 05:00	2019.01.28 05:15	109.364	109.369	109.231	109.318	109.406	109.493	109.581
443	2019.01.28 06:15	2019.01.28 06:30	109.367	109.388	109.271	109.317	109.363	109.409	109.455
444	2019.01.28 06:30	2019.01.28 06:45	109.388	109.394	109.282	109.320	109.358	109.396	109.435
445	2019.01.28 08:45	2019.01.28 09:00	109.314	109.341	109.297	109.327	109.358	109.388	109.418
446	2019.01.28 09:30	2019.01.28 09:45	109.331	109.402	109.295	109.322	109.348	109.375	109.401
447	2019.01.28 09:45	2019.01.28 10:00	109.402	109.427	109.296	109.324	109.352	109.381	109.409
448	2019.01.28 11:15	2019.01.28 11:30	109.351	109.356	109.288	109.323	109.358	109.392	109.427
449	2019.01.28 11:30	2019.01.28 11:45	109.356	109.392	109.288	109.322	109.356	109.390	109.424
450	2019.01.28 12:15	2019.01.28 12:30	109.417	109.451	109.286	109.322	109.358	109.394	109.430
451	2019.01.28 13:30	2019.01.28 13:45	109.471	109.491	109.295	109.342	109.389	109.435	109.482
452	2019.01.28 15:30	2019.01.28 15:45	109.416	109.417	109.331	109.379	109.427	109.475	109.523
453	2019.01.28 17:15	2019.01.28 17:30	109.286	109.309	109.233	109.318	109.402	109.487	109.571
454	2019.01.28 18:45	2019.01.28 19:00	109.201	109.229	109.143	109.243	109.342	109.441	109.540
455	2019.01.28 19:00	2019.01.28 19:15	109.229	109.251	109.137	109.233	109.329	109.425	109.521
456	2019.01.28 20:15	2019.01.28 20:30	109.254	109.293	109.158	109.218	109.278	109.338	109.399
457	2019.01.28 21:15	2019.01.28 21:30	109.315	109.333	109.192	109.227	109.262	109.297	109.333
458	2019.01.28 21:30	2019.01.28 21:45	109.333	109.356	109.189	109.227	109.266	109.304	109.343
459	2019.01.28 21:45	2019.01.28 22:00	109.356	109.383	109.185	109.228	109.271	109.314	109.357
460	2019.01.28 22:45	2019.01.28 23:00	109.378	109.380	109.174	109.232	109.290	109.348	109.406
461	2019.01.25 01:15	2019.01.25 01:30	109.541	109.547	109.517	109.564	109.612	109.660	109.708
462	2019.01.25 01:30	2019.01.25 01:45	109.547	109.594	109.509	109.558	109.608	109.657	109.707
463	2019.01.25 01:45	2019.01.25 02:00	109.594	109.688	109.508	109.556	109.605	109.653	109.701
464	2019.01.25 03:45	2019.01.25 04:00	109.737	109.766	109.501	109.561	109.620	109.679	109.738
465	2019.01.25 04:00	2019.01.25 04:15	109.766	109.774	109.497	109.563	109.629	109.696	109.762
466	2019.01.25 05:15	2019.01.25 05:30	109.741	109.791	109.510	109.586	109.662	109.738	109.814
467	2019.01.25 05:30	2019.01.25 05:45	109.791	109.837	109.514	109.593	109.672	109.751	109.830
468	2019.01.25 07:15	2019.01.25 07:30	109.767	109.778	109.640	109.691	109.742	109.793	109.844
469	2019.01.25 07:30	2019.01.25 07:45	109.778	109.792	109.658	109.704	109.749	109.795	109.841
470	2019.01.25 08:15	2019.01.25 08:30	109.822	109.826	109.687	109.727	109.766	109.806	109.846
471	2019.01.25 10:15	2019.01.25 10:30	109.792	109.876	109.734	109.764	109.793	109.822	109.852
472	2019.01.25 10:30	2019.01.25 10:45	109.876	109.881	109.728	109.763	109.797	109.832	109.866
473	2019.01.25 13:30	2019.01.25 13:45	109.781	109.810	109.740	109.775	109.810	109.845	109.880
474	2019.01.25 13:45	2019.01.25 14:00	109.810	109.812	109.740	109.775	109.810	109.845	109.880
475	2019.01.25 14:00	2019.01.25 14:15	109.812	109.842	109.740	109.775	109.810	109.845	109.880
476	2019.01.25 14:45	2019.01.25 15:00	109.876	109.921	109.748	109.783	109.818	109.853	109.888
477	2019.01.25 17:30	2019.01.25 17:45	109.647	109.682	109.587	109.688	109.788	109.889	109.990
478	2019.01.25 18:30	2019.01.25 18:45	109.588	109.595	109.514	109.635	109.756	109.878	109.999
479	2019.01.25 18:45	2019.01.25 19:00	109.595	109.615	109.494	109.620	109.746	109.871	109.997
480	2019.01.25 19:00	2019.01.25 19:15	109.615	109.740	109.480	109.608	109.736	109.864	109.991
481	2019.01.25 19:15	2019.01.25 19:30	109.740	109.849	109.480	109.605	109.731	109.856	109.982
482	2019.01.25 23:15	2019.01.25 23:30	109.490	109.492	109.445	109.548	109.651	109.754	109.858
483	2019.01.25 23:30	2019.01.25 23:45	109.492	109.552	109.431	109.539	109.647	109.755	109.863
484	2019.01.24 02:00	2019.01.24 02:15	109.554	109.562	109.516	109.544	109.572	109.599	109.627
485	2019.01.24 02:15	2019.01.24 02:30	109.562	109.630	109.516	109.543	109.570	109.597	109.624
486	2019.01.24 04:15	2019.01.24 04:30	109.514	109.526	109.452	109.496	109.540	109.584	109.629
487	2019.01.24 05:30	2019.01.24 05:45	109.521	109.529	109.449	109.486	109.523	109.561	109.598
488	2019.01.24 06:15	2019.01.24 06:30	109.527	109.533	109.449	109.484	109.520	109.556	109.591
489	2019.01.24 06:30	2019.01.24 06:45	109.533	109.550	109.449	109.484	109.520	109.556	109.592
490	2019.01.24 06:45	2019.01.24 07:00	109.550	109.581	109.451	109.487	109.523	109.559	109.595
491	2019.01.24 07:30	2019.01.24 07:45	109.588	109.613	109.457	109.490	109.522	109.555	109.588
492	2019.01.24 07:45	2019.01.24 08:00	109.613	109.658	109.461	109.495	109.530	109.565	109.600
493	2019.01.24 08:00	2019.01.24 08:15	109.658	109.681	109.447	109.492	109.536	109.581	109.626
494	2019.01.24 08:15	2019.01.24 08:30	109.681	109.723	109.435	109.490	109.544	109.599	109.653
495	2019.01.24 09:15	2019.01.24 09:30	109.680	109.692	109.439	109.512	109.586	109.659	109.733
496	2019.01.24 09:30	2019.01.24 09:45	109.692	109.709	109.443	109.519	109.594	109.670	109.745
497	2019.01.24 11:15	2019.01.24 11:30	109.694	109.701	109.538	109.593	109.647	109.702	109.757
498	2019.01.24 11:30	2019.01.24 11:45	109.701	109.746	109.557	109.607	109.656	109.705	109.754
499	2019.01.24 14:00	2019.01.24 14:15	109.727	109.747	109.629	109.671	109.712	109.754	109.795
500	2019.01.24 17:00	2019.01.24 17:15	109.552	109.562	109.456	109.564	109.672	109.781	109.889
501	2019.01.24 17:15	2019.01.24 17:30	109.562	109.608	109.446	109.554	109.662	109.770	109.878
502	2019.01.24 18:15	2019.01.24 18:30	109.556	109.571	109.424	109.524	109.623	109.723	109.823
503	2019.01.24 18:30	2019.01.24 18:45	109.571	109.727	109.421	109.518	109.615	109.712	109.808
504	2019.01.24 20:45	2019.01.24 21:00	109.654	109.673	109.449	109.524	109.599	109.673	109.748
505	2019.01.24 21:30	2019.01.24 21:45	109.667	109.687	109.493	109.558	109.623	109.688	109.753
506	2019.01.24 23:15	2019.01.24 23:30	109.575	109.614	109.552	109.598	109.645	109.692	109.738
507	2019.01.24 23:30	2019.01.24 23:45	109.614	109.635	109.559	109.603	109.647	109.691	109.735
508	2019.01.23 01:00	2019.01.23 01:15	109.343	109.356	109.183	109.248	109.313	109.378	109.442
509	2019.01.23 01:45	2019.01.23 02:00	109.357	109.405	109.225	109.279	109.332	109.385	109.438
510	2019.01.23 02:00	2019.01.23 02:15	109.405	109.421	109.245	109.293	109.341	109.390	109.438
511	2019.01.23 02:15	2019.01.23 02:30	109.421	109.451	109.265	109.308	109.351	109.394	109.437
512	2019.01.23 03:30	2019.01.23 03:45	109.592	109.658	109.252	109.329	109.406	109.483	109.560
513	2019.01.23 07:45	2019.01.23 08:00	109.623	109.634	109.556	109.602	109.648	109.695	109.741
514	2019.01.23 08:00	2019.01.23 08:15	109.634	109.665	109.565	109.609	109.652	109.695	109.738
515	2019.01.23 08:15	2019.01.23 08:30	109.665	109.671	109.585	109.621	109.657	109.694	109.730
516	2019.01.23 10:15	2019.01.23 10:30	109.579	109.594	109.572	109.608	109.644	109.680	109.716
517	2019.01.23 11:00	2019.01.23 11:15	109.601	109.633	109.557	109.593	109.628	109.663	109.698
518	2019.01.23 11:15	2019.01.23 11:30	109.633	109.653	109.557	109.592	109.627	109.661	109.696
519	2019.01.23 11:30	2019.01.23 11:45	109.653	109.664	109.558	109.593	109.628	109.663	109.698
520	2019.01.23 11:45	2019.01.23 12:00	109.664	109.668	109.560	109.593	109.626	109.660	109.693
521	2019.01.23 12:00	2019.01.23 12:15	109.668	109.702	109.560	109.594	109.628	109.662	109.696
522	2019.01.23 13:15	2019.01.23 13:30	109.609	109.663	109.552	109.590	109.629	109.667	109.705
523	2019.01.23 15:00	2019.01.23 15:15	109.699	109.732	109.564	109.601	109.639	109.676	109.714
524	2019.01.23 15:15	2019.01.23 15:30	109.732	109.779	109.566	109.606	109.646	109.687	109.727
525	2019.01.23 15:30	2019.01.23 15:45	109.779	109.843	109.560	109.608	109.656	109.703	109.751
526	2019.01.23 15:45	2019.01.23 16:00	109.843	109.948	109.554	109.612	109.670	109.728	109.786
527	2019.01.23 19:00	2019.01.23 19:15	109.447	109.464	109.404	109.553	109.701	109.850	109.998
528	2019.01.23 20:00	2019.01.23 20:15	109.494	109.522	109.312	109.487	109.663	109.839	110.014
529	2019.01.23 20:15	2019.01.23 20:30	109.522	109.590	109.297	109.475	109.653	109.830	110.008
530	2019.01.23 21:00	2019.01.23 21:15	109.578	109.598	109.303	109.457	109.610	109.764	109.918
531	2019.01.23 22:15	2019.01.23 22:30	109.581	109.593	109.412	109.477	109.543	109.608	109.674
532	2019.01.23 22:30	2019.01.23 22:45	109.593	109.610	109.417	109.478	109.540	109.601	109.662
533	2019.01.22 00:45	2019.01.22 01:00	109.632	109.678	109.619	109.634	109.649	109.664	109.680
534	2019.01.22 03:30	2019.01.22 03:45	109.605	109.629	109.585	109.613	109.642	109.670	109.699
535	2019.01.22 06:15	2019.01.22 06:30	109.435	109.447	109.411	109.490	109.568	109.647	109.725
536	2019.01.22 06:30	2019.01.22 06:45	109.447	109.468	109.398	109.478	109.558	109.637	109.717
537	2019.01.22 08:30	2019.01.22 08:45	109.434	109.457	109.341	109.412	109.482	109.553	109.623
538	2019.01.22 09:15	2019.01.22 09:30	109.404	109.424	109.355	109.404	109.453	109.502	109.551
539	2019.01.22 10:15	2019.01.22 10:30	109.391	109.430	109.383	109.405	109.426	109.448	109.469
540	2019.01.22 11:30	2019.01.22 11:45	109.457	109.461	109.382	109.404	109.426	109.448	109.470
541	2019.01.22 11:45	2019.01.22 12:00	109.461	109.466	109.383	109.404	109.426	109.447	109.469
542	2019.01.22 13:45	2019.01.22 14:00	109.443	109.448	109.380	109.404	109.427	109.451	109.475
543	2019.01.22 15:00	2019.01.22 15:15	109.427	109.427	109.398	109.416	109.435	109.454	109.473
544	2019.01.22 17:15	2019.01.22 17:30	109.408	109.444	109.366	109.394	109.422	109.450	109.478
545	2019.01.22 20:15	2019.01.22 20:30	109.211	109.218	109.230	109.300	109.370	109.440	109.511
546	2019.01.22 20:30	2019.01.22 20:45	109.218	109.242	109.207	109.284	109.361	109.438	109.515
547	2019.01.22 21:15	2019.01.22 21:30	109.225	109.249	109.163	109.247	109.330	109.414	109.498
548	2019.01.22 21:30	2019.01.22 21:45	109.249	109.289	109.156	109.239	109.322	109.404	109.487
549	2019.01.22 22:15	2019.01.22 22:30	109.313	109.356	109.153	109.231	109.309	109.387	109.465
550	2019.01.22 22:30	2019.01.22 22:45	109.356	109.411	109.160	109.232	109.305	109.378	109.450
551	2019.01.21 00:00	2019.01.21 00:15	109.715	109.743	109.665	109.710	109.756	109.801	109.846
552	2019.01.21 00:15	2019.01.21 00:30	109.743	109.743	109.666	109.709	109.752	109.795	109.838
553	2019.01.21 03:15	2019.01.21 03:30	109.527	109.560	109.547	109.618	109.689	109.760	109.831
554	2019.01.21 04:00	2019.01.21 04:15	109.601	109.611	109.502	109.582	109.661	109.741	109.820
555	2019.01.21 04:15	2019.01.21 04:30	109.611	109.642	109.498	109.577	109.657	109.736	109.816
556	2019.01.21 04:30	2019.01.21 04:45	109.642	109.702	109.498	109.575	109.651	109.728	109.804
557	2019.01.21 09:30	2019.01.21 09:45	109.548	109.580	109.499	109.545	109.591	109.637	109.683
558	2019.01.21 09:45	2019.01.21 10:00	109.580	109.589	109.508	109.546	109.585	109.623	109.662
559	2019.01.21 10:00	2019.01.21 10:15	109.589	109.646	109.516	109.548	109.581	109.613	109.646
560	2019.01.21 13:45	2019.01.21 14:00	109.598	109.642	109.534	109.571	109.609	109.646	109.683
561	2019.01.21 15:00	2019.01.21 15:15	109.665	109.674	109.584	109.607	109.630	109.653	109.677
562	2019.01.21 15:45	2019.01.21 16:00	109.670	109.686	109.583	109.609	109.636	109.663	109.689
563	2019.01.21 19:00	2019.01.21 19:15	109.631	109.632	109.603	109.625	109.646	109.667	109.689
564	2019.01.21 19:15	2019.01.21 19:30	109.632	109.648	109.603	109.624	109.646	109.667	109.689
565	2019.01.21 20:45	2019.01.21 21:00	109.645	109.649	109.604	109.623	109.641	109.660	109.679
566	2019.01.21 21:00	2019.01.21 21:15	109.649	109.648	109.608	109.624	109.640	109.655	109.671
567	2019.01.21 22:00	2019.01.21 22:15	109.650	109.655	109.613	109.626	109.638	109.651	109.663
568	2019.01.21 22:15	2019.01.21 22:30	109.655	109.654	109.613	109.626	109.638	109.651	109.664
569	2019.01.21 22:30	2019.01.21 22:45	109.654	109.680	109.612	109.626	109.639	109.652	109.665
570	2019.01.21 23:15	2019.01.21 23:30	109.670	109.675	109.615	109.630	109.646	109.661	109.677
571	2019.01.18 01:45	2019.01.18 02:00	109.142	109.219	109.021	109.098	109.174	109.251	109.327
572	2019.01.18 02:00	2019.01.18 02:15	109.219	109.324	109.052	109.118	109.185	109.251	109.318
573	2019.01.18 03:15	2019.01.18 03:30	109.335	109.371	109.087	109.153	109.219	109.285	109.350
574	2019.01.18 05:15	2019.01.18 05:30	109.338	109.351	109.092	109.180	109.268	109.356	109.445
575	2019.01.18 05:30	2019.01.18 05:45	109.351	109.368	109.096	109.185	109.275	109.364	109.453
576	2019.01.18 08:30	2019.01.18 08:45	109.384	109.390	109.303	109.332	109.361	109.390	109.419
577	2019.01.18 08:45	2019.01.18 09:00	109.390	109.453	109.303	109.333	109.362	109.392	109.422
578	2019.01.18 10:00	2019.01.18 10:15	109.397	109.437	109.319	109.350	109.382	109.413	109.445
579	2019.01.18 10:15	2019.01.18 10:30	109.437	109.478	109.323	109.355	109.387	109.419	109.451
580	2019.01.18 10:30	2019.01.18 10:45	109.478	109.482	109.320	109.357	109.393	109.430	109.466
581	2019.01.18 10:45	2019.01.18 11:00	109.482	109.527	109.317	109.358	109.399	109.440	109.480
582	2019.01.18 11:00	2019.01.18 11:15	109.527	109.567	109.313	109.360	109.408	109.455	109.503
583	2019.01.18 11:15	2019.01.18 11:30	109.567	109.568	109.299	109.358	109.416	109.475	109.534
584	2019.01.18 13:00	2019.01.18 13:15	109.419	109.437	109.314	109.381	109.448	109.515	109.583
585	2019.01.18 13:15	2019.01.18 13:30	109.437	109.453	109.329	109.391	109.453	109.515	109.578
586	2019.01.18 13:30	2019.01.18 13:45	109.453	109.505	109.337	109.397	109.457	109.517	109.577
587	2019.01.18 15:45	2019.01.18 16:00	109.426	109.449	109.341	109.401	109.461	109.520	109.580
588	2019.01.18 16:00	2019.01.18 16:15	109.449	109.523	109.341	109.399	109.457	109.514	109.572
589	2019.01.18 17:15	2019.01.18 17:30	109.611	109.691	109.339	109.394	109.450	109.506	109.562
590	2019.01.18 19:15	2019.01.18 19:30	109.813	109.852	109.264	109.416	109.568	109.720	109.872
591	2019.01.18 21:45	2019.01.18 22:00	109.773	109.784	109.538	109.632	109.726	109.820	109.914
592	2019.01.17 00:15	2019.01.17 00:30	109.052	109.069	108.792	108.890	108.987	109.085	109.183
593	2019.01.17 00:30	2019.01.17 00:45	109.069	109.116	108.797	108.896	108.994	109.093	109.191
594	2019.01.17 03:00	2019.01.17 03:15	108.928	108.935	108.913	108.981	109.048	109.116	109.183
595	2019.01.17 10:45	2019.01.17 11:00	108.815	108.829	108.702	108.799	108.897	108.994	109.091
596	2019.01.17 12:00	2019.01.17 12:15	108.753	108.801	108.676	108.755	108.834	108.913	108.992
597	2019.01.17 13:15	2019.01.17 13:30	108.795	108.835	108.703	108.749	108.795	108.841	108.888
598	2019.01.17 13:30	2019.01.17 13:45	108.835	108.877	108.709	108.751	108.793	108.834	108.876
599	2019.01.17 15:30	2019.01.17 15:45	108.845	108.846	108.706	108.748	108.789	108.831	108.873
600	2019.01.17 16:30	2019.01.17 16:45	108.865	108.947	108.710	108.755	108.799	108.844	108.888
601	2019.01.17 17:15	2019.01.17 17:30	108.982	108.988	108.693	108.761	108.828	108.896	108.964
602	2019.01.17 17:30	2019.01.17 17:45	108.988	109.008	108.691	108.765	108.840	108.914	108.988
603	2019.01.17 17:45	2019.01.17 18:00	109.008	109.037	108.684	108.767	108.849	108.932	109.014
604	2019.01.17 18:00	2019.01.17 18:15	109.037	109.040	108.682	108.772	108.862	108.952	109.043
605	2019.01.17 18:15	2019.01.17 18:30	109.040	109.074	108.681	108.778	108.875	108.971	109.068
606	2019.01.17 21:30	2019.01.17 21:45	109.207	109.236	108.901	108.958	109.014	109.071	109.127
607	2019.01.16 05:45	2019.01.16 06:00	108.503	108.510	108.348	108.433	108.518	108.602	108.687
608	2019.01.16 08:30	2019.01.16 08:45	108.480	108.506	108.423	108.453	108.482	108.512	108.542
609	2019.01.16 08:45	2019.01.16 09:00	108.506	108.559	108.432	108.459	108.486	108.514	108.541
610	2019.01.16 09:00	2019.01.16 09:15	108.559	108.570	108.444	108.469	108.494	108.519	108.544
611	2019.01.16 09:15	2019.01.16 09:30	108.570	108.617	108.438	108.467	108.496	108.525	108.554
612	2019.01.16 09:30	2019.01.16 09:45	108.617	108.618	108.424	108.463	108.502	108.542	108.581
613	2019.01.16 09:45	2019.01.16 10:00	108.618	108.628	108.415	108.462	108.508	108.555	108.602
614	2019.01.16 11:00	2019.01.16 11:15	108.563	108.582	108.416	108.472	108.528	108.584	108.640
615	2019.01.16 11:15	2019.01.16 11:30	108.582	108.608	108.418	108.475	108.532	108.589	108.646
616	2019.01.16 11:30	2019.01.16 11:45	108.608	108.628	108.421	108.479	108.538	108.596	108.655
617	2019.01.16 11:45	2019.01.16 12:00	108.628	108.675	108.425	108.485	108.545	108.605	108.665
618	2019.01.16 12:00	2019.01.16 12:15	108.675	108.681	108.425	108.490	108.554	108.619	108.684
619	2019.01.16 12:15	2019.01.16 12:30	108.681	108.763	108.427	108.495	108.564	108.633	108.701
620	2019.01.16 12:30	2019.01.16 12:45	108.763	108.775	108.419	108.498	108.577	108.657	108.736
621	2019.01.16 13:30	2019.01.16 13:45	108.837	108.846	108.459	108.551	108.643	108.735	108.827
622	2019.01.16 15:30	2019.01.16 15:45	108.792	108.806	108.538	108.634	108.730	108.826	108.922
623	2019.01.16 15:45	2019.01.16 16:00	108.806	108.827	108.571	108.658	108.744	108.830	108.916
624	2019.01.16 16:30	2019.01.16 16:45	108.841	108.849	108.665	108.722	108.780	108.837	108.894
625	2019.01.16 16:45	2019.01.16 17:00	108.849	108.897	108.696	108.743	108.791	108.838	108.885
626	2019.01.16 19:15	2019.01.16 19:30	108.830	108.933	108.744	108.784	108.823	108.863	108.903
627	2019.01.16 19:30	2019.01.16 19:45	108.933	108.967	108.739	108.784	108.830	108.876	108.922
628	2019.01.16 21:15	2019.01.16 21:30	108.939	108.950	108.757	108.810	108.863	108.915	108.968
629	2019.01.16 22:00	2019.01.16 22:15	108.927	109.152	108.758	108.815	108.873	108.931	108.988
630	2019.01.16 23:15	2019.01.16 23:30	109.158	109.163	108.746	108.842	108.937	109.033	109.128
631	2019.01.15 01:00	2019.01.15 01:15	108.172	108.184	108.128	108.158	108.188	108.217	108.247
632	2019.01.15 01:15	2019.01.15 01:30	108.184	108.226	108.127	108.157	108.186	108.216	108.245
633	2019.01.15 01:30	2019.01.15 01:45	108.226	108.236	108.131	108.158	108.185	108.212	108.239
634	2019.01.15 01:45	2019.01.15 02:00	108.236	108.289	108.129	108.158	108.186	108.214	108.243
635	2019.01.15 02:00	2019.01.15 02:15	108.289	108.332	108.118	108.154	108.191	108.227	108.263
636	2019.01.15 02:15	2019.01.15 02:30	108.332	108.373	108.104	108.151	108.199	108.246	108.293
637	2019.01.15 04:00	2019.01.15 04:15	108.427	108.439	108.046	108.156	108.267	108.377	108.487
638	2019.01.15 04:15	2019.01.15 04:30	108.439	108.444	108.053	108.166	108.280	108.394	108.508
639	2019.01.15 04:30	2019.01.15 04:45	108.444	108.465	108.062	108.178	108.294	108.410	108.526
640	2019.01.15 04:45	2019.01.15 05:00	108.465	108.519	108.075	108.193	108.310	108.427	108.544
641	2019.01.15 05:00	2019.01.15 05:15	108.519	108.530	108.090	108.209	108.328	108.447	108.567
642	2019.01.15 06:30	2019.01.15 06:45	108.530	108.555	108.260	108.348	108.436	108.523	108.611
643	2019.01.15 06:45	2019.01.15 07:00	108.555	108.574	108.295	108.373	108.452	108.530	108.608
644	2019.01.15 07:00	2019.01.15 07:15	108.574	108.723	108.319	108.393	108.466	108.539	108.612
645	2019.01.15 09:30	2019.01.15 09:45	108.638	108.650	108.446	108.523	108.601	108.679	108.757
646	2019.01.15 09:45	2019.01.15 10:00	108.650	108.661	108.467	108.539	108.611	108.682	108.754
647	2019.01.15 14:15	2019.01.15 14:30	108.364	108.403	108.367	108.459	108.550	108.642	108.734
648	2019.01.15 14:30	2019.01.15 14:45	108.403	108.506	108.349	108.444	108.539	108.634	108.729
649	2019.01.15 14:45	2019.01.15 15:00	108.506	108.557	108.348	108.440	108.532	108.623	108.715
650	2019.01.15 15:00	2019.01.15 15:15	108.557	108.562	108.352	108.439	108.526	108.613	108.700
651	2019.01.15 17:15	2019.01.15 17:30	108.539	108.546	108.317	108.388	108.460	108.532	108.604
652	2019.01.15 18:00	2019.01.15 18:15	108.568	108.618	108.313	108.388	108.463	108.538	108.612
653	2019.01.15 18:15	2019.01.15 18:30	108.618	108.678	108.305	108.387	108.469	108.551	108.633
654	2019.01.15 18:30	2019.01.15 18:45	108.678	108.714	108.290	108.384	108.477	108.570	108.663
655	2019.01.15 21:30	2019.01.15 21:45	108.493	108.581	108.431	108.503	108.576	108.649	108.721
656	2019.01.15 22:15	2019.01.15 22:30	108.595	108.636	108.463	108.526	108.588	108.651	108.714
657	2019.01.15 22:30	2019.01.15 22:45	108.636	108.666	108.468	108.530	108.593	108.656	108.718
658	2019.01.15 22:45	2019.01.15 23:00	108.666	108.689	108.477	108.539	108.601	108.662	108.724
659	2019.01.15 23:00	2019.01.15 23:15	108.689	108.692	108.479	108.543	108.607	108.671	108.735
660	2019.01.15 23:15	2019.01.15 23:30	108.692	108.719	108.477	108.544	108.610	108.677	108.744
661	2019.01.14 01:15	2019.01.14 01:30	108.429	108.464	108.420	108.458	108.497	108.536	108.575
662	2019.01.14 05:15	2019.01.14 05:30	108.107	108.134	108.087	108.218	108.350	108.481	108.613
663	2019.01.14 05:30	2019.01.14 05:45	108.134	108.151	108.062	108.197	108.331	108.466	108.600
664	2019.01.14 06:15	2019.01.14 06:30	108.131	108.137	108.006	108.146	108.285	108.425	108.564
665	2019.01.14 10:00	2019.01.14 10:15	108.115	108.151	108.075	108.097	108.119	108.142	108.164
666	2019.01.14 10:15	2019.01.14 10:30	108.151	108.194	108.075	108.098	108.122	108.145	108.168
667	2019.01.14 10:30	2019.01.14 10:45	108.194	108.197	108.069	108.097	108.125	108.153	108.181
668	2019.01.14 11:30	2019.01.14 11:45	108.135	108.144	108.063	108.095	108.127	108.160	108.192
669	2019.01.14 13:30	2019.01.14 13:45	108.040	108.093	108.033	108.078	108.123	108.168	108.213
670	2019.01.14 14:15	2019.01.14 14:30	108.086	108.121	108.021	108.067	108.113	108.158	108.204
671	2019.01.14 15:15	2019.01.14 15:30	108.116	108.222	108.018	108.064	108.110	108.156	108.201
672	2019.01.14 20:00	2019.01.14 20:15	108.186	108.211	108.118	108.169	108.221	108.272	108.323
673	2019.01.14 20:15	2019.01.14 20:30	108.211	108.252	108.135	108.180	108.225	108.271	108.316
674	2019.01.14 22:00	2019.01.14 22:15	108.224	108.225	108.147	108.188	108.228	108.269	108.310
675	2019.01.11 00:30	2019.01.11 00:45	108.392	108.434	108.292	108.349	108.405	108.462	108.518
676	2019.01.11 04:45	2019.01.11 05:00	108.308	108.317	108.262	108.307	108.353	108.398	108.444
677	2019.01.11 06:30	2019.01.11 06:45	108.273	108.317	108.235	108.278	108.321	108.364	108.407
678	2019.01.11 06:45	2019.01.11 07:00	108.317	108.319	108.239	108.281	108.323	108.365	108.407
679	2019.01.11 07:45	2019.01.11 08:00	108.297	108.335	108.241	108.278	108.314	108.350	108.387
680	2019.01.11 08:00	2019.01.11 08:15	108.335	108.362	108.243	108.278	108.313	108.348	108.382
681	2019.01.11 08:15	2019.01.11 08:30	108.362	108.377	108.249	108.280	108.311	108.342	108.373
682	2019.01.11 10:45	2019.01.11 11:00	108.289	108.301	108.233	108.277	108.320	108.363	108.407
683	2019.01.11 11:30	2019.01.11 11:45	108.306	108.333	108.246	108.285	108.324	108.364	108.403
684	2019.01.11 13:15	2019.01.11 13:30	108.298	108.306	108.231	108.273	108.316	108.358	108.400
685	2019.01.11 13:30	2019.01.11 13:45	108.306	108.309	108.232	108.272	108.312	108.352	108.392
686	2019.01.11 14:15	2019.01.11 14:30	108.278	108.308	108.247	108.271	108.296	108.321	108.346
687	2019.01.11 14:30	2019.01.11 14:45	108.308	108.325	108.254	108.274	108.294	108.314	108.334
688	2019.01.11 15:45	2019.01.11 16:00	108.202	108.308	108.214	108.250	108.286	108.322	108.358
689	2019.01.11 16:00	2019.01.11 16:15	108.308	108.525	108.214	108.250	108.286	108.322	108.358
690	2019.01.11 17:30	2019.01.11 17:45	108.388	108.403	108.162	108.245	108.327	108.409	108.491
691	2019.01.11 17:45	2019.01.11 18:00	108.403	108.407	108.167	108.250	108.333	108.416	108.499
692	2019.01.11 18:45	2019.01.11 19:00	108.349	108.369	108.182	108.264	108.346	108.429	108.511
693	2019.01.11 19:30	2019.01.11 19:45	108.403	108.405	108.204	108.282	108.360	108.438	108.517
694	2019.01.11 19:45	2019.01.11 20:00	108.405	108.417	108.207	108.286	108.364	108.443	108.521
695	2019.01.11 20:00	2019.01.11 20:15	108.417	108.438	108.216	108.293	108.370	108.448	108.525
696	2019.01.11 20:15	2019.01.11 20:30	108.438	108.483	108.222	108.300	108.377	108.454	108.532
697	2019.01.11 21:30	2019.01.11 21:45	108.475	108.492	108.322	108.366	108.411	108.456	108.500
698	2019.01.11 21:45	2019.01.11 22:00	108.492	108.504	108.318	108.366	108.414	108.461	108.509
699	2019.01.11 22:00	2019.01.11 22:15	108.504	108.510	108.314	108.366	108.417	108.469	108.520
700	2019.01.11 22:15	2019.01.11 22:30	108.510	108.540	108.318	108.371	108.425	108.478	108.532
701	2019.01.11 22:30	2019.01.11 22:45	108.540	108.544	108.316	108.374	108.432	108.491	108.549
702	2019.01.11 23:15	2019.01.11 23:30	108.529	108.554	108.325	108.390	108.454	108.518	108.582
703	2019.01.10 00:45	2019.01.10 01:00	108.152	108.154	107.977	108.075	108.173	108.270	108.368
704	2019.01.10 01:00	2019.01.10 01:15	108.154	108.208	107.976	108.071	108.167	108.263	108.358
705	2019.01.10 06:15	2019.01.10 06:30	107.899	107.931	107.755	107.867	107.979	108.090	108.202
706	2019.01.10 06:30	2019.01.10 06:45	107.931	107.973	107.763	107.864	107.966	108.068	108.170
707	2019.01.10 08:00	2019.01.10 08:15	107.909	107.943	107.856	107.887	107.918	107.950	107.981
708	2019.01.10 09:00	2019.01.10 09:15	107.875	107.886	107.835	107.872	107.909	107.947	107.984
709	2019.01.10 09:15	2019.01.10 09:30	107.886	107.919	107.834	107.870	107.906	107.942	107.978
710	2019.01.10 10:15	2019.01.10 10:30	107.917	107.923	107.833	107.867	107.901	107.935	107.970
711	2019.01.10 10:30	2019.01.10 10:45	107.923	108.040	107.835	107.869	107.903	107.937	107.972
712	2019.01.10 10:45	2019.01.10 11:00	108.040	108.102	107.823	107.867	107.912	107.956	108.001
713	2019.01.10 11:00	2019.01.10 11:15	108.102	108.106	107.804	107.864	107.923	107.983	108.043
714	2019.01.10 11:45	2019.01.10 12:00	108.091	108.139	107.782	107.863	107.945	108.027	108.108
715	2019.01.10 12:00	2019.01.10 12:15	108.139	108.197	107.772	107.864	107.956	108.047	108.139
716	2019.01.10 13:45	2019.01.10 14:00	108.029	108.050	107.815	107.919	108.022	108.126	108.230
717	2019.01.10 14:00	2019.01.10 14:15	108.050	108.073	107.835	107.933	108.031	108.129	108.227
718	2019.01.10 14:15	2019.01.10 14:30	108.073	108.076	107.855	107.948	108.041	108.133	108.226
719	2019.01.10 14:30	2019.01.10 14:45	108.076	108.081	107.871	107.960	108.048	108.137	108.225
720	2019.01.10 14:45	2019.01.10 15:00	108.081	108.091	107.890	107.973	108.057	108.140	108.223
721	2019.01.10 15:30	2019.01.10 15:45	108.143	108.191	107.983	108.035	108.087	108.139	108.191
722	2019.01.10 17:00	2019.01.10 17:15	108.106	108.148	107.970	108.029	108.087	108.145	108.204
723	2019.01.10 17:15	2019.01.10 17:30	108.148	108.182	107.975	108.030	108.085	108.139	108.194
724	2019.01.10 17:30	2019.01.10 17:45	108.182	108.200	107.975	108.030	108.085	108.140	108.195
725	2019.01.10 17:45	2019.01.10 18:00	108.200	108.261	107.969	108.028	108.088	108.148	108.208
726	2019.01.10 18:00	2019.01.10 18:15	108.261	108.296	107.955	108.025	108.096	108.167	108.238
727	2019.01.10 18:15	2019.01.10 18:30	108.296	108.304	107.951	108.031	108.111	108.191	108.270
728	2019.01.10 19:15	2019.01.10 19:30	108.270	108.347	107.976	108.067	108.158	108.250	108.341
729	2019.01.10 19:30	2019.01.10 19:45	108.347	108.391	107.976	108.074	108.172	108.270	108.368
730	2019.01.10 20:45	2019.01.10 21:00	108.342	108.409	108.003	108.114	108.225	108.335	108.446
731	2019.01.10 21:00	2019.01.10 21:15	108.409	108.417	108.012	108.126	108.240	108.354	108.467
732	2019.01.10 21:15	2019.01.10 21:30	108.417	108.428	108.028	108.142	108.256	108.371	108.485
733	2019.01.10 22:30	2019.01.10 22:45	108.433	108.479	108.191	108.266	108.341	108.415	108.490
734	2019.01.10 23:15	2019.01.10 23:30	108.466	108.474	108.224	108.299	108.373	108.448	108.523
735	2019.01.09 00:00	2019.01.09 00:15	108.720	108.729	108.532	108.604	108.676	108.748	108.820
736	2019.01.09 00:15	2019.01.09 00:30	108.729	108.787	108.545	108.614	108.683	108.752	108.822
737	2019.01.09 03:00	2019.01.09 03:15	108.717	108.760	108.697	108.729	108.760	108.792	108.824
738	2019.01.09 03:45	2019.01.09 04:00	108.789	108.901	108.701	108.732	108.763	108.794	108.825
739	2019.01.09 04:00	2019.01.09 04:15	108.901	108.903	108.684	108.727	108.770	108.813	108.857
740	2019.01.09 04:15	2019.01.09 04:30	108.903	108.965	108.672	108.724	108.776	108.828	108.880
741	2019.01.09 05:45	2019.01.09 06:00	108.897	108.935	108.673	108.747	108.822	108.896	108.970
742	2019.01.09 08:45	2019.01.09 09:00	108.833	108.927	108.811	108.847	108.883	108.919	108.955
743	2019.01.09 09:00	2019.01.09 09:15	108.927	108.962	108.810	108.847	108.884	108.921	108.958
744	2019.01.09 10:45	2019.01.09 11:00	108.870	108.931	108.805	108.842	108.878	108.915	108.951
745	2019.01.09 17:45	2019.01.09 18:00	108.186	108.271	108.116	108.391	108.666	108.941	109.216
746	2019.01.09 19:30	2019.01.09 19:45	108.292	108.315	107.964	108.211	108.457	108.703	108.949
747	2019.01.09 20:30	2019.01.09 20:45	108.265	108.266	108.019	108.183	108.346	108.509	108.673
748	2019.01.09 20:45	2019.01.09 21:00	108.266	108.305	108.051	108.186	108.322	108.458	108.593
749	2019.01.09 23:00	2019.01.09 23:15	108.009	108.042	108.024	108.130	108.235	108.340	108.446
750	2019.01.09 23:15	2019.01.09 23:30	108.042	108.081	107.998	108.111	108.224	108.337	108.450
751	2019.01.09 23:30	2019.01.09 23:45	108.081	108.157	107.981	108.098	108.215	108.332	108.448
752	2019.01.08 02:30	2019.01.08 02:45	108.695	108.734	108.594	108.634	108.675	108.715	108.756
753	2019.01.08 04:30	2019.01.08 04:45	108.696	108.711	108.550	108.597	108.645	108.693	108.741
754	2019.01.08 04:45	2019.01.08 05:00	108.711	108.714	108.549	108.597	108.646	108.694	108.742
755	2019.01.08 05:30	2019.01.08 05:45	108.734	108.877	108.544	108.597	108.650	108.704	108.757
756	2019.01.08 05:45	2019.01.08 06:00	108.877	108.952	108.517	108.589	108.662	108.734	108.807
757	2019.01.08 08:15	2019.01.08 08:30	108.835	108.875	108.514	108.647	108.779	108.911	109.043
758	2019.01.08 08:30	2019.01.08 08:45	108.875	108.882	108.543	108.668	108.794	108.919	109.044
759	2019.01.08 11:30	2019.01.08 11:45	108.851	108.871	108.765	108.830	108.895	108.960	109.026
760	2019.01.08 14:15	2019.01.08 14:30	108.670	108.675	108.611	108.714	108.818	108.921	109.025
761	2019.01.08 14:30	2019.01.08 14:45	108.675	108.764	108.600	108.701	108.803	108.905	109.007
762	2019.01.08 14:45	2019.01.08 15:00	108.764	108.788	108.605	108.699	108.792	108.886	108.980
763	2019.01.08 15:30	2019.01.08 15:45	108.805	108.872	108.628	108.699	108.770	108.841	108.912
764	2019.01.08 15:45	2019.01.08 16:00	108.872	108.904	108.633	108.700	108.768	108.836	108.903
765	2019.01.08 16:00	2019.01.08 16:15	108.904	108.934	108.628	108.699	108.770	108.841	108.912
766	2019.01.08 19:45	2019.01.08 20:00	108.588	108.621	108.435	108.573	108.712	108.850	108.989
767	2019.01.08 20:00	2019.01.08 20:15	108.621	108.633	108.426	108.565	108.704	108.842	108.981
768	2019.01.08 20:45	2019.01.08 21:00	108.642	108.649	108.413	108.544	108.675	108.806	108.937
769	2019.01.08 21:00	2019.01.08 21:15	108.649	108.663	108.423	108.542	108.662	108.782	108.902
770	2019.01.08 21:15	2019.01.08 21:30	108.663	108.670	108.444	108.546	108.649	108.751	108.854
771	2019.01.08 22:00	2019.01.08 22:15	108.680	108.717	108.511	108.566	108.620	108.675	108.729
772	2019.01.08 22:15	2019.01.08 22:30	108.717	108.757	108.517	108.568	108.619	108.669	108.720
773	2019.01.08 22:30	2019.01.08 22:45	108.757	108.758	108.508	108.565	108.621	108.678	108.735
774	2019.01.08 22:45	2019.01.08 23:00	108.758	108.765	108.501	108.565	108.629	108.693	108.757
775	2019.01.08 23:00	2019.01.08 23:15	108.765	108.783	108.500	108.569	108.638	108.708	108.777
776	2019.01.08 23:15	2019.01.08 23:30	108.783	108.791	108.500	108.575	108.649	108.723	108.797
777	2019.01.07 00:15	2019.01.07 00:30	108.472	108.486	108.397	108.436	108.475	108.513	108.552
778	2019.01.07 03:00	2019.01.07 03:15	108.483	108.500	108.385	108.439	108.494	108.549	108.603
779	2019.01.07 06:30	2019.01.07 06:45	108.143	108.300	108.006	108.168	108.331	108.494	108.656
780	2019.01.07 08:00	2019.01.07 08:15	108.197	108.200	108.042	108.145	108.247	108.349	108.451
781	2019.01.07 08:15	2019.01.07 08:30	108.200	108.240	108.063	108.147	108.232	108.316	108.401
782	2019.01.07 10:15	2019.01.07 10:30	108.141	108.215	108.083	108.138	108.194	108.250	108.305
783	2019.01.07 11:30	2019.01.07 11:45	108.167	108.195	108.108	108.157	108.205	108.254	108.303
784	2019.01.07 12:15	2019.01.07 12:30	108.200	108.317	108.126	108.158	108.191	108.223	108.256
785	2019.01.07 12:30	2019.01.07 12:45	108.317	108.350	108.111	108.154	108.196	108.239	108.281
786	2019.01.07 12:45	2019.01.07 13:00	108.350	108.384	108.096	108.150	108.204	108.258	108.313
787	2019.01.07 15:15	2019.01.07 15:30	108.304	108.345	108.120	108.193	108.267	108.340	108.413
788	2019.01.07 15:30	2019.01.07 15:45	108.345	108.353	108.125	108.199	108.273	108.347	108.422
789	2019.01.07 17:00	2019.01.07 17:15	108.379	108.422	108.228	108.273	108.317	108.362	108.407
790	2019.01.07 17:15	2019.01.07 17:30	108.422	108.485	108.245	108.287	108.329	108.370	108.412
791	2019.01.07 18:00	2019.01.07 18:15	108.435	108.493	108.222	108.283	108.344	108.405	108.465
792	2019.01.07 18:15	2019.01.07 18:30	108.493	108.524	108.214	108.283	108.352	108.421	108.490
793	2019.01.07 18:30	2019.01.07 18:45	108.524	108.620	108.202	108.281	108.359	108.437	108.515
794	2019.01.07 19:30	2019.01.07 19:45	108.598	108.603	108.181	108.299	108.416	108.534	108.651
795	2019.01.07 19:45	2019.01.07 20:00	108.603	108.636	108.197	108.315	108.434	108.552	108.670
796	2019.01.07 21:30	2019.01.07 21:45	108.583	108.595	108.348	108.441	108.535	108.628	108.721
797	2019.01.07 21:45	2019.01.07 22:00	108.595	108.673	108.393	108.471	108.549	108.627	108.705
798	2019.01.07 22:00	2019.01.07 22:15	108.673	108.743	108.420	108.492	108.564	108.636	108.708
799	2019.01.07 23:15	2019.01.07 23:30	108.692	108.742	108.511	108.569	108.628	108.686	108.744
800	2019.01.04 00:30	2019.01.04 00:45	107.651	107.669	107.368	107.535	107.702	107.868	108.035
801	2019.01.04 00:45	2019.01.04 01:00	107.669	107.920	107.385	107.534	107.684	107.833	107.983
802	2019.01.04 02:15	2019.01.04 02:30	107.708	107.761	107.384	107.526	107.668	107.810	107.953
803	2019.01.04 03:30	2019.01.04 03:45	107.734	107.838	107.428	107.552	107.676	107.800	107.923
804	2019.01.04 04:15	2019.01.04 04:30	108.018	108.046	107.469	107.600	107.731	107.862	107.993
805	2019.01.04 04:30	2019.01.04 04:45	108.046	108.111	107.467	107.611	107.754	107.897	108.041
806	2019.01.04 04:45	2019.01.04 05:00	108.111	108.263	107.457	107.617	107.778	107.938	108.098
807	2019.01.04 05:00	2019.01.04 05:15	108.263	108.323	107.426	107.617	107.807	107.997	108.187
808	2019.01.04 05:15	2019.01.04 05:30	108.323	108.328	107.406	107.623	107.841	108.058	108.275
809	2019.01.04 06:00	2019.01.04 06:15	108.375	108.390	107.388	107.659	107.930	108.201	108.472
810	2019.01.04 08:30	2019.01.04 08:45	108.146	108.186	107.879	108.045	108.211	108.377	108.543
811	2019.01.04 10:00	2019.01.04 10:15	107.909	107.946	107.882	108.046	108.209	108.373	108.536
812	2019.01.04 10:15	2019.01.04 10:30	107.946	107.977	107.849	108.019	108.190	108.361	108.532
813	2019.01.04 10:30	2019.01.04 10:45	107.977	108.035	107.825	107.999	108.173	108.347	108.521
814	2019.01.04 12:45	2019.01.04 13:00	107.964	108.002	107.817	107.917	108.017	108.117	108.217
815	2019.01.04 13:45	2019.01.04 14:00	107.987	108.013	107.852	107.917	107.981	108.046	108.111
816	2019.01.04 14:00	2019.01.04 14:15	108.013	108.027	107.876	107.925	107.974	108.022	108.071
817	2019.01.04 14:45	2019.01.04 15:00	108.002	108.045	107.917	107.951	107.985	108.019	108.053
818	2019.01.04 15:00	2019.01.04 15:15	108.045	108.135	107.929	107.960	107.992	108.023	108.055
819	2019.01.04 15:15	2019.01.04 15:30	108.135	108.407	107.916	107.959	108.001	108.044	108.087
820	2019.01.04 16:00	2019.01.04 16:15	108.374	108.463	107.794	107.927	108.059	108.192	108.324
821	2019.01.04 16:15	2019.01.04 16:30	108.463	108.549	107.767	107.925	108.083	108.241	108.398
822	2019.01.04 18:30	2019.01.04 18:45	108.262	108.288	107.879	108.055	108.230	108.406	108.581
823	2019.01.04 18:45	2019.01.04 19:00	108.288	108.392	107.912	108.079	108.245	108.412	108.579
824	2019.01.04 19:00	2019.01.04 19:15	108.392	108.403	107.943	108.104	108.264	108.425	108.586
825	2019.01.04 19:15	2019.01.04 19:30	108.403	108.439	107.976	108.130	108.283	108.437	108.590
826	2019.01.04 19:30	2019.01.04 19:45	108.439	108.449	108.021	108.163	108.305	108.448	108.590
827	2019.01.04 19:45	2019.01.04 20:00	108.449	108.548	108.073	108.200	108.328	108.455	108.582
828	2019.01.04 20:45	2019.01.04 21:00	108.432	108.518	108.155	108.266	108.377	108.488	108.600
829	2019.01.04 22:30	2019.01.04 22:45	108.456	108.458	108.174	108.290	108.405	108.521	108.637
830	2019.01.04 22:45	2019.01.04 23:00	108.458	108.485	108.237	108.330	108.423	108.516	108.609
831	2019.01.04 23:30	2019.01.04 23:45	108.492	108.511	108.340	108.398	108.457	108.515	108.574
832	2019.01.03 00:45	2019.01.03 01:00	106.650	106.980	107.530	108.664	109.798	110.931	112.065
833	2019.01.03 01:00	2019.01.03 01:15	106.980	107.574	107.069	108.348	109.626	110.905	112.184
834	2019.01.03 01:15	2019.01.03 01:30	107.574	107.623	106.804	108.146	109.488	110.830	112.171
835	2019.01.03 02:45	2019.01.03 03:00	107.641	107.714	105.865	107.261	108.657	110.053	111.449
836	2019.01.03 05:45	2019.01.03 06:00	107.155	107.171	106.941	107.174	107.408	107.641	107.874
837	2019.01.03 06:00	2019.01.03 06:15	107.171	107.212	106.979	107.198	107.417	107.636	107.855
838	2019.01.03 06:15	2019.01.03 06:30	107.212	107.264	106.959	107.179	107.399	107.619	107.840
839	2019.01.03 07:30	2019.01.03 07:45	106.850	106.966	106.779	107.019	107.259	107.499	107.739
840	2019.01.03 09:00	2019.01.03 09:15	107.127	107.439	106.753	106.910	107.067	107.224	107.382
841	2019.01.03 09:15	2019.01.03 09:30	107.439	107.532	106.744	106.907	107.070	107.233	107.396
842	2019.01.03 09:30	2019.01.03 09:45	107.532	107.552	106.706	106.896	107.086	107.276	107.466
843	2019.01.03 09:45	2019.01.03 10:00	107.552	107.709	106.676	106.892	107.107	107.322	107.538
844	2019.01.03 10:00	2019.01.03 10:15	107.709	107.795	106.637	106.889	107.140	107.392	107.643
845	2019.01.03 11:00	2019.01.03 11:15	107.735	107.788	106.565	106.909	107.253	107.598	107.942
846	2019.01.03 12:30	2019.01.03 12:45	107.590	107.637	106.747	107.087	107.427	107.767	108.107
847	2019.01.03 14:00	2019.01.03 14:15	107.622	107.642	107.442	107.533	107.624	107.715	107.806
848	2019.01.03 14:15	2019.01.03 14:30	107.642	107.695	107.473	107.553	107.634	107.715	107.795
849	2019.01.03 15:45	2019.01.03 16:00	107.745	107.778	107.483	107.568	107.652	107.737	107.821
850	2019.01.03 16:00	2019.01.03 16:15	107.778	107.876	107.480	107.567	107.654	107.742	107.829
851	2019.01.03 18:30	2019.01.03 18:45	108.049	108.095	107.408	107.552	107.696	107.840	107.983
852	2019.01.03 20:15	2019.01.03 20:30	107.867	107.903	107.432	107.612	107.792	107.972	108.152
853	2019.01.03 21:00	2019.01.03 21:15	107.845	107.867	107.450	107.630	107.810	107.990	108.170
854	2019.01.03 22:15	2019.01.03 22:30	107.486	107.544	107.432	107.617	107.802	107.987	108.172
855	2019.01.03 23:15	2019.01.03 23:30	107.554	107.584	107.383	107.584	107.786	107.987	108.189
856	2019.01.03 23:30	2019.01.03 23:45	107.584	107.640	107.369	107.566	107.763	107.959	108.156
857	2018.12.28 01:45	2018.12.28 02:00	110.843	110.929	110.593	110.738	110.884	111.029	111.174
858	2018.12.28 04:45	2018.12.28 05:00	110.595	110.617	110.571	110.688	110.806	110.924	111.041
859	2018.12.28 06:00	2018.12.28 06:15	110.566	110.578	110.470	110.599	110.728	110.856	110.985
860	2018.12.28 06:15	2018.12.28 06:30	110.578	110.603	110.458	110.585	110.712	110.840	110.967
861	2018.12.28 06:30	2018.12.28 06:45	110.603	110.632	110.448	110.575	110.701	110.828	110.954
862	2018.12.28 06:45	2018.12.28 07:00	110.632	110.674	110.444	110.568	110.691	110.814	110.937
863	2018.12.28 07:00	2018.12.28 07:15	110.674	110.702	110.457	110.568	110.678	110.788	110.898
864	2018.12.28 12:00	2018.12.28 12:15	110.366	110.370	110.274	110.378	110.483	110.587	110.691
865	2018.12.28 14:30	2018.12.28 14:45	110.272	110.316	110.209	110.277	110.345	110.412	110.480
866	2018.12.28 14:45	2018.12.28 15:00	110.316	110.326	110.207	110.274	110.340	110.407	110.474
867	2018.12.28 15:00	2018.12.28 15:15	110.326	110.401	110.205	110.271	110.338	110.404	110.470
868	2018.12.28 17:00	2018.12.28 17:15	110.357	110.369	110.229	110.273	110.318	110.362	110.407
869	2018.12.28 17:15	2018.12.28 17:30	110.369	110.444	110.229	110.273	110.317	110.362	110.406
870	2018.12.28 19:00	2018.12.28 19:15	110.362	110.372	110.265	110.309	110.354	110.399	110.444
871	2018.12.28 19:15	2018.12.28 19:30	110.372	110.420	110.283	110.322	110.360	110.399	110.437
872	2018.12.28 20:30	2018.12.28 20:45	110.355	110.359	110.306	110.338	110.371	110.404	110.436
873	2018.12.28 20:45	2018.12.28 21:00	110.359	110.373	110.306	110.339	110.371	110.404	110.436
874	2018.12.28 21:30	2018.12.28 21:45	110.382	110.391	110.319	110.347	110.376	110.405	110.434
875	2018.12.28 23:15	2018.12.28 23:30	110.211	110.259	110.202	110.270	110.338	110.406	110.473
876	2018.12.28 23:30	2018.12.28 23:45	110.259	110.294	110.193	110.263	110.333	110.403	110.472
877	2018.12.27 00:00	2018.12.27 00:15	111.309	111.323	110.717	110.929	111.141	111.354	111.566
878	2018.12.27 01:30	2018.12.27 01:45	111.194	111.218	110.971	111.109	111.248	111.387	111.526
879	2018.12.27 03:00	2018.12.27 03:15	111.010	111.101	111.009	111.124	111.239	111.355	111.470
880	2018.12.27 06:30	2018.12.27 06:45	110.951	111.007	110.846	110.928	111.011	111.093	111.176
881	2018.12.27 06:45	2018.12.27 07:00	111.007	111.054	110.865	110.933	111.000	111.068	111.135
882	2018.12.27 07:00	2018.12.27 07:15	111.054	111.149	110.872	110.934	110.997	111.059	111.122
883	2018.12.27 13:00	2018.12.27 13:15	110.754	110.822	110.684	110.793	110.902	111.012	111.121
884	2018.12.27 13:15	2018.12.27 13:30	110.822	110.846	110.687	110.788	110.888	110.989	111.089
885	2018.12.27 13:30	2018.12.27 13:45	110.846	110.888	110.697	110.787	110.876	110.966	111.055
886	2018.12.27 14:15	2018.12.27 14:30	110.782	110.817	110.721	110.782	110.843	110.903	110.964
887	2018.12.27 14:30	2018.12.27 14:45	110.817	110.834	110.727	110.781	110.835	110.890	110.944
888	2018.12.27 14:45	2018.12.27 15:00	110.834	110.869	110.730	110.780	110.831	110.882	110.932
889	2018.12.27 16:00	2018.12.27 16:15	110.750	110.750	110.708	110.758	110.809	110.859	110.909
890	2018.12.27 16:15	2018.12.27 16:30	110.750	110.806	110.707	110.754	110.801	110.848	110.895
891	2018.12.27 19:45	2018.12.27 20:00	110.614	110.638	110.586	110.660	110.734	110.808	110.882
892	2018.12.27 21:00	2018.12.27 21:15	110.566	110.594	110.487	110.582	110.678	110.774	110.870
893	2018.12.27 21:15	2018.12.27 21:30	110.594	110.645	110.478	110.574	110.670	110.766	110.862
894	2018.12.27 21:30	2018.12.27 21:45	110.645	110.750	110.481	110.571	110.662	110.753	110.844
895	2018.12.27 21:45	2018.12.27 22:00	110.750	110.866	110.481	110.574	110.667	110.760	110.853
896	2018.12.27 22:00	2018.12.27 22:15	110.866	110.933	110.471	110.571	110.672	110.772	110.873
897	2018.12.27 22:15	2018.12.27 22:30	110.933	111.092	110.454	110.570	110.685	110.800	110.916
898	2018.12.26 01:15	2018.12.26 01:30	110.194	110.377	110.048	110.107	110.165	110.223	110.281
899	2018.12.26 01:30	2018.12.26 01:45	110.377	110.434	110.030	110.104	110.177	110.251	110.325
900	2018.12.26 01:45	2018.12.26 02:00	110.434	110.445	110.006	110.098	110.191	110.283	110.375
901	2018.12.26 02:30	2018.12.26 02:45	110.549	110.609	109.964	110.100	110.236	110.372	110.508
902	2018.12.26 02:45	2018.12.26 03:00	110.609	110.636	109.940	110.098	110.256	110.414	110.572
903	2018.12.26 03:00	2018.12.26 03:15	110.636	110.641	109.923	110.100	110.278	110.456	110.633
904	2018.12.26 04:30	2018.12.26 04:45	110.366	110.456	110.016	110.193	110.370	110.548	110.725
905	2018.12.26 04:45	2018.12.26 05:00	110.456	110.484	110.055	110.221	110.388	110.555	110.722
906	2018.12.26 07:15	2018.12.26 07:30	110.400	110.428	110.274	110.364	110.454	110.544	110.634
907	2018.12.26 07:30	2018.12.26 07:45	110.428	110.443	110.274	110.361	110.448	110.535	110.623
908	2018.12.26 07:45	2018.12.26 08:00	110.443	110.450	110.282	110.361	110.440	110.519	110.598
909	2018.12.26 08:45	2018.12.26 09:00	110.427	110.436	110.339	110.375	110.412	110.448	110.485
910	2018.12.26 09:00	2018.12.26 09:15	110.436	110.470	110.339	110.375	110.411	110.447	110.483
911	2018.12.26 09:15	2018.12.26 09:30	110.470	110.478	110.347	110.382	110.417	110.452	110.487
912	2018.12.26 10:00	2018.12.26 10:15	110.434	110.492	110.355	110.387	110.418	110.450	110.482
913	2018.12.26 10:15	2018.12.26 10:30	110.492	110.528	110.351	110.386	110.421	110.457	110.492
914	2018.12.26 11:30	2018.12.26 11:45	110.529	110.565	110.349	110.400	110.452	110.503	110.555
915	2018.12.26 13:45	2018.12.26 14:00	110.606	110.620	110.417	110.470	110.523	110.576	110.630
916	2018.12.26 14:00	2018.12.26 14:15	110.620	110.706	110.426	110.479	110.532	110.586	110.639
917	2018.12.26 16:00	2018.12.26 16:15	110.536	110.593	110.487	110.535	110.584	110.632	110.680
918	2018.12.26 18:45	2018.12.26 19:00	110.452	110.680	110.312	110.419	110.526	110.632	110.739
919	2018.12.26 19:00	2018.12.26 19:15	110.680	110.812	110.309	110.419	110.529	110.639	110.749
920	2018.12.26 19:15	2018.12.26 19:30	110.812	110.870	110.293	110.413	110.534	110.655	110.775
921	2018.12.26 19:30	2018.12.26 19:45	110.870	110.953	110.267	110.406	110.544	110.683	110.822
922	2018.12.26 19:45	2018.12.26 20:00	110.953	110.983	110.232	110.397	110.561	110.725	110.890
923	2018.12.26 20:30	2018.12.26 20:45	110.879	110.973	110.189	110.397	110.606	110.814	111.023
924	2018.12.26 20:45	2018.12.26 21:00	110.973	110.982	110.185	110.407	110.629	110.851	111.073
925	2018.12.26 21:30	2018.12.26 21:45	111.097	111.355	110.179	110.437	110.695	110.953	111.211
926	2018.12.26 21:45	2018.12.26 22:00	111.355	111.396	110.146	110.440	110.734	111.027	111.321
927	2018.12.26 23:15	2018.12.26 23:30	111.327	111.360	110.433	110.724	111.016	111.308	111.600
928	2018.12.26 23:30	2018.12.26 23:45	111.360	111.363	110.537	110.801	111.064	111.328	111.592
929	2018.12.25 03:00	2018.12.25 03:15	110.203	110.274	110.165	110.265	110.365	110.465	110.565
930	2018.12.25 05:00	2018.12.25 05:15	110.173	110.238	110.035	110.163	110.291	110.419	110.547
931	2018.12.25 06:15	2018.12.25 06:30	110.166	110.228	110.040	110.133	110.226	110.319	110.412
932	2018.12.24 00:00	2018.12.24 00:15	111.024	111.083	111.141	111.222	111.303	111.384	111.465
933	2018.12.24 01:00	2018.12.24 01:15	111.079	111.112	111.004	111.126	111.249	111.371	111.494
934	2018.12.24 01:15	2018.12.24 01:30	111.112	111.174	110.989	111.113	111.237	111.361	111.486
935	2018.12.24 03:45	2018.12.24 04:00	111.060	111.068	110.918	111.011	111.103	111.196	111.288
936	2018.12.24 04:00	2018.12.24 04:15	111.068	111.071	110.935	111.013	111.090	111.168	111.245
937	2018.12.24 04:15	2018.12.24 04:30	111.071	111.076	110.956	111.018	111.079	111.140	111.202
938	2018.12.24 05:15	2018.12.24 05:30	111.069	111.092	110.997	111.031	111.065	111.099	111.133
939	2018.12.24 06:30	2018.12.24 06:45	111.099	111.104	111.019	111.043	111.067	111.092	111.116
940	2018.12.24 07:30	2018.12.24 07:45	111.104	111.116	111.023	111.049	111.075	111.101	111.127
941	2018.12.24 11:00	2018.12.24 11:15	110.975	111.047	110.949	111.004	111.058	111.113	111.167
942	2018.12.24 11:15	2018.12.24 11:30	111.047	111.118	110.948	111.002	111.056	111.110	111.163
943	2018.12.24 12:15	2018.12.24 12:30	111.066	111.105	110.948	111.000	111.052	111.105	111.157
944	2018.12.24 13:15	2018.12.24 13:30	111.087	111.096	110.949	111.000	111.051	111.102	111.153
945	2018.12.24 17:00	2018.12.24 17:15	110.546	110.559	110.364	110.614	110.865	111.115	111.365
946	2018.12.24 17:15	2018.12.24 17:30	110.559	110.598	110.331	110.585	110.839	111.093	111.348
947	2018.12.24 19:00	2018.12.24 19:15	110.452	110.453	110.215	110.424	110.632	110.841	111.050
948	2018.12.24 20:15	2018.12.24 20:30	110.322	110.337	110.230	110.360	110.490	110.619	110.749
949	2018.12.24 21:15	2018.12.24 21:30	110.435	110.438	110.246	110.336	110.426	110.516	110.605
950	2018.12.24 22:00	2018.12.24 22:15	110.433	110.438	110.258	110.342	110.426	110.510	110.593
951	2018.12.24 22:45	2018.12.24 23:00	110.446	110.478	110.280	110.345	110.409	110.473	110.537
952	2018.12.21 00:15	2018.12.21 00:30	111.281	111.283	110.937	111.044	111.151	111.258	111.364
953	2018.12.21 02:30	2018.12.21 02:45	111.235	111.286	111.116	111.168	111.220	111.272	111.324
954	2018.12.21 04:15	2018.12.21 04:30	111.196	111.225	111.142	111.186	111.231	111.275	111.320
955	2018.12.21 04:30	2018.12.21 04:45	111.225	111.247	111.141	111.185	111.230	111.274	111.318
956	2018.12.21 05:15	2018.12.21 05:30	111.265	111.347	111.142	111.184	111.226	111.268	111.310
957	2018.12.21 06:00	2018.12.21 06:15	111.379	111.427	111.122	111.180	111.238	111.296	111.354
958	2018.12.21 06:45	2018.12.21 07:00	111.376	111.394	111.131	111.200	111.270	111.340	111.410
959	2018.12.21 07:30	2018.12.21 07:45	111.420	111.444	111.138	111.217	111.297	111.376	111.456
960	2018.12.21 11:00	2018.12.21 11:15	111.213	111.242	111.091	111.202	111.313	111.425	111.536
961	2018.12.21 14:15	2018.12.21 14:30	111.204	111.206	111.081	111.135	111.189	111.242	111.296
962	2018.12.21 14:30	2018.12.21 14:45	111.206	111.233	111.091	111.137	111.183	111.229	111.275
963	2018.12.21 14:45	2018.12.21 15:00	111.233	111.255	111.094	111.138	111.182	111.225	111.269
964	2018.12.21 16:45	2018.12.21 17:00	111.032	111.289	111.040	111.105	111.170	111.235	111.300
965	2018.12.21 18:15	2018.12.21 18:30	111.128	111.224	111.027	111.099	111.171	111.244	111.316
966	2018.12.21 19:00	2018.12.21 19:15	111.160	111.249	111.024	111.097	111.170	111.243	111.316
967	2018.12.21 19:15	2018.12.21 19:30	111.249	111.305	111.023	111.098	111.172	111.247	111.321
968	2018.12.21 19:30	2018.12.21 19:45	111.305	111.338	111.018	111.097	111.177	111.257	111.337
969	2018.12.21 19:45	2018.12.21 20:00	111.338	111.418	111.009	111.096	111.182	111.269	111.355
970	2018.12.21 21:45	2018.12.21 22:00	111.301	111.335	111.079	111.173	111.267	111.361	111.455
971	2018.12.21 22:45	2018.12.21 23:00	111.304	111.325	111.106	111.196	111.285	111.375	111.465
972	2018.12.20 02:00	2018.12.20 02:15	112.441	112.459	112.319	112.384	112.448	112.512	112.577
973	2018.12.20 02:15	2018.12.20 02:30	112.459	112.521	112.319	112.383	112.447	112.510	112.574
974	2018.12.20 04:30	2018.12.20 04:45	112.478	112.481	112.366	112.415	112.463	112.512	112.561
975	2018.12.20 12:00	2018.12.20 12:15	111.714	111.740	111.656	111.771	111.887	112.002	112.118
976	2018.12.20 13:45	2018.12.20 14:00	111.709	111.729	111.644	111.716	111.787	111.858	111.930
977	2018.12.20 14:00	2018.12.20 14:15	111.729	111.754	111.639	111.710	111.782	111.854	111.925
978	2018.12.20 14:15	2018.12.20 14:30	111.754	111.777	111.636	111.707	111.778	111.849	111.920
979	2018.12.20 14:30	2018.12.20 14:45	111.777	111.787	111.639	111.706	111.773	111.840	111.907
980	2018.12.20 17:00	2018.12.20 17:15	111.606	111.611	111.529	111.603	111.677	111.750	111.824
981	2018.12.20 17:15	2018.12.20 17:30	111.611	111.690	111.523	111.597	111.670	111.743	111.817
982	2018.12.20 21:15	2018.12.20 21:30	110.995	111.151	110.804	111.064	111.324	111.583	111.843
983	2018.12.20 22:00	2018.12.20 22:15	111.145	111.161	110.773	111.015	111.257	111.499	111.741
984	2018.12.20 22:15	2018.12.20 22:30	111.161	111.228	110.778	111.006	111.235	111.463	111.692
985	2018.12.20 23:30	2018.12.20 23:45	111.247	111.278	110.931	111.040	111.149	111.258	111.367
986	2018.12.19 01:15	2018.12.19 01:30	112.503	112.515	112.445	112.478	112.511	112.544	112.577
987	2018.12.19 01:30	2018.12.19 01:45	112.515	112.519	112.445	112.477	112.509	112.541	112.573
988	2018.12.19 03:15	2018.12.19 03:30	112.431	112.516	112.311	112.390	112.469	112.548	112.627
989	2018.12.19 07:00	2018.12.19 07:15	112.303	112.332	112.231	112.299	112.367	112.436	112.504
990	2018.12.19 07:15	2018.12.19 07:30	112.332	112.360	112.242	112.306	112.371	112.435	112.500
991	2018.12.19 08:00	2018.12.19 08:15	112.383	112.388	112.241	112.302	112.363	112.424	112.485
992	2018.12.19 08:45	2018.12.19 09:00	112.372	112.390	112.269	112.308	112.347	112.386	112.425
993	2018.12.19 09:00	2018.12.19 09:15	112.390	112.404	112.272	112.309	112.346	112.382	112.419
994	2018.12.19 09:15	2018.12.19 09:30	112.404	112.413	112.272	112.309	112.346	112.383	112.420
995	2018.12.19 11:45	2018.12.19 12:00	112.356	112.380	112.307	112.336	112.364	112.392	112.421
996	2018.12.19 14:00	2018.12.19 14:15	112.336	112.341	112.303	112.330	112.358	112.385	112.412
997	2018.12.19 16:45	2018.12.19 17:00	112.196	112.221	112.214	112.266	112.319	112.371	112.424
998	2018.12.19 17:30	2018.12.19 17:45	112.272	112.284	112.180	112.240	112.301	112.362	112.422
999	2018.12.19 19:15	2018.12.19 19:30	112.183	112.205	112.106	112.177	112.248	112.318	112.389
1000	2018.12.19 20:15	2018.12.19 20:30	112.201	112.278	112.108	112.164	112.219	112.274	112.329
1001	2018.12.19 21:00	2018.12.19 21:15	112.262	112.486	112.128	112.168	112.209	112.249	112.290
1002	2018.12.18 00:15	2018.12.18 00:30	112.830	112.845	112.680	112.727	112.773	112.820	112.867
1003	2018.12.18 01:30	2018.12.18 01:45	112.822	112.836	112.688	112.736	112.784	112.833	112.881
1004	2018.12.18 02:45	2018.12.18 03:00	112.738	112.784	112.696	112.743	112.791	112.838	112.885
1005	2018.12.18 07:15	2018.12.18 07:30	112.551	112.575	112.436	112.531	112.626	112.721	112.816
1006	2018.12.18 07:30	2018.12.18 07:45	112.575	112.591	112.432	112.526	112.619	112.713	112.807
1007	2018.12.18 08:15	2018.12.18 08:30	112.616	112.631	112.450	112.522	112.594	112.667	112.739
1008	2018.12.18 08:30	2018.12.18 08:45	112.631	112.641	112.463	112.525	112.588	112.650	112.713
1009	2018.12.18 11:30	2018.12.18 11:45	112.334	112.399	112.353	112.441	112.528	112.616	112.703
1010	2018.12.18 13:45	2018.12.18 14:00	112.299	112.329	112.209	112.312	112.415	112.519	112.622
1011	2018.12.18 14:00	2018.12.18 14:15	112.329	112.345	112.211	112.306	112.402	112.497	112.592
1012	2018.12.18 14:15	2018.12.18 14:30	112.345	112.377	112.216	112.303	112.390	112.477	112.565
1013	2018.12.18 14:30	2018.12.18 14:45	112.377	112.403	112.225	112.303	112.381	112.459	112.537
1014	2018.12.18 15:30	2018.12.18 15:45	112.415	112.420	112.259	112.308	112.358	112.407	112.457
1015	2018.12.18 15:45	2018.12.18 16:00	112.420	112.481	112.266	112.311	112.355	112.400	112.444
1016	2018.12.18 16:00	2018.12.18 16:15	112.481	112.535	112.256	112.308	112.359	112.411	112.463
1017	2018.12.18 16:15	2018.12.18 16:30	112.535	112.540	112.243	112.306	112.370	112.434	112.497
1018	2018.12.18 16:30	2018.12.18 16:45	112.540	112.561	112.234	112.307	112.380	112.453	112.526
1019	2018.12.18 18:30	2018.12.18 18:45	112.502	112.542	112.277	112.369	112.461	112.553	112.645
1020	2018.12.18 18:45	2018.12.18 19:00	112.542	112.548	112.302	112.388	112.473	112.559	112.644
1021	2018.12.18 19:00	2018.12.18 19:15	112.548	112.598	112.324	112.404	112.484	112.564	112.645
1022	2018.12.18 19:45	2018.12.18 20:00	112.589	112.596	112.373	112.443	112.514	112.585	112.656
1023	2018.12.17 00:00	2018.12.17 00:15	113.344	113.361	113.264	113.305	113.347	113.388	113.429
1024	2018.12.17 00:45	2018.12.17 01:00	113.319	113.338	113.261	113.301	113.342	113.383	113.423
1025	2018.12.17 01:30	2018.12.17 01:45	113.350	113.404	113.259	113.298	113.337	113.375	113.414
1026	2018.12.17 02:45	2018.12.17 03:00	113.425	113.434	113.297	113.332	113.366	113.401	113.436
1027	2018.12.17 03:00	2018.12.17 03:15	113.434	113.440	113.296	113.333	113.371	113.408	113.446
1028	2018.12.17 03:15	2018.12.17 03:30	113.440	113.484	113.296	113.336	113.376	113.415	113.455
1029	2018.12.17 04:00	2018.12.17 04:15	113.484	113.485	113.287	113.340	113.392	113.445	113.497
1030	2018.12.17 04:15	2018.12.17 04:30	113.485	113.486	113.285	113.341	113.397	113.453	113.510
1031	2018.12.17 04:30	2018.12.17 04:45	113.486	113.492	113.285	113.344	113.403	113.462	113.521
1032	2018.12.17 06:30	2018.12.17 06:45	113.452	113.492	113.388	113.421	113.454	113.486	113.519
1033	2018.12.17 07:15	2018.12.17 07:30	113.504	113.518	113.420	113.444	113.468	113.491	113.515
1034	2018.12.17 09:45	2018.12.17 10:00	113.407	113.411	113.403	113.433	113.463	113.492	113.522
1035	2018.12.17 14:00	2018.12.17 14:15	113.280	113.293	113.245	113.297	113.348	113.400	113.451
1036	2018.12.17 17:30	2018.12.17 17:45	112.991	112.996	112.896	113.029	113.162	113.295	113.429
1037	2018.12.17 17:45	2018.12.17 18:00	112.996	113.010	112.880	113.013	113.146	113.280	113.413
1038	2018.12.17 21:15	2018.12.17 21:30	112.727	112.764	112.662	112.769	112.876	112.983	113.091
1039	2018.12.17 22:45	2018.12.17 23:00	112.748	112.837	112.613	112.711	112.808	112.905	113.002
1040	2018.12.14 00:00	2018.12.14 00:15	113.597	113.603	113.549	113.572	113.595	113.618	113.642
1041	2018.12.14 02:00	2018.12.14 02:15	113.630	113.633	113.563	113.578	113.594	113.610	113.625
1042	2018.12.14 04:15	2018.12.14 04:30	113.484	113.487	113.424	113.486	113.549	113.611	113.673
1043	2018.12.14 05:45	2018.12.14 06:00	113.489	113.507	113.399	113.457	113.515	113.573	113.631
1044	2018.12.14 06:45	2018.12.14 07:00	113.451	113.460	113.394	113.443	113.493	113.542	113.592
1045	2018.12.14 07:00	2018.12.14 07:15	113.460	113.488	113.407	113.446	113.484	113.523	113.561
1046	2018.12.14 08:00	2018.12.14 08:15	113.493	113.534	113.444	113.459	113.475	113.491	113.507
1047	2018.12.14 08:15	2018.12.14 08:30	113.534	113.571	113.438	113.459	113.479	113.499	113.519
1048	2018.12.14 11:30	2018.12.14 11:45	113.509	113.518	113.438	113.485	113.531	113.577	113.624
1049	2018.12.14 11:45	2018.12.14 12:00	113.518	113.553	113.449	113.492	113.534	113.577	113.620
1050	2018.12.14 12:45	2018.12.14 13:00	113.533	113.538	113.482	113.514	113.546	113.577	113.609
1051	2018.12.14 13:00	2018.12.14 13:15	113.538	113.568	113.489	113.518	113.548	113.577	113.607
1052	2018.12.14 13:15	2018.12.14 13:30	113.568	113.588	113.490	113.520	113.550	113.579	113.609
1053	2018.12.14 13:30	2018.12.14 13:45	113.588	113.594	113.489	113.520	113.550	113.581	113.611
1054	2018.12.14 14:15	2018.12.14 14:30	113.602	113.605	113.487	113.520	113.553	113.586	113.620
1055	2018.12.14 15:15	2018.12.14 15:30	113.554	113.621	113.484	113.518	113.551	113.585	113.618
1056	2018.12.14 15:30	2018.12.14 15:45	113.621	113.635	113.483	113.519	113.556	113.592	113.628
1057	2018.12.14 18:00	2018.12.14 18:15	113.405	113.405	113.446	113.510	113.574	113.638	113.702
1058	2018.12.14 18:15	2018.12.14 18:30	113.405	113.410	113.418	113.492	113.566	113.639	113.713
1059	2018.12.14 19:00	2018.12.14 19:15	113.359	113.395	113.334	113.433	113.533	113.633	113.733
1060	2018.12.14 20:00	2018.12.14 20:15	113.371	113.379	113.259	113.374	113.490	113.606	113.722
1061	2018.12.14 21:45	2018.12.14 22:00	113.281	113.346	113.205	113.294	113.384	113.473	113.562
1062	2018.12.14 22:00	2018.12.14 22:15	113.346	113.346	113.223	113.297	113.371	113.445	113.519
1063	2018.12.13 00:30	2018.12.13 00:45	113.264	113.267	113.172	113.200	113.229	113.258	113.286
1064	2018.12.13 01:15	2018.12.13 01:30	113.240	113.244	113.176	113.203	113.231	113.258	113.286
1065	2018.12.13 01:30	2018.12.13 01:45	113.244	113.283	113.177	113.203	113.229	113.256	113.282
1066	2018.12.13 01:45	2018.12.13 02:00	113.283	113.330	113.174	113.203	113.232	113.261	113.290
1067	2018.12.13 02:30	2018.12.13 02:45	113.325	113.357	113.168	113.209	113.250	113.291	113.332
1068	2018.12.13 02:45	2018.12.13 03:00	113.357	113.375	113.164	113.211	113.257	113.303	113.349
1069	2018.12.13 03:00	2018.12.13 03:15	113.375	113.402	113.163	113.214	113.265	113.317	113.368
1070	2018.12.13 03:45	2018.12.13 04:00	113.427	113.452	113.167	113.231	113.296	113.361	113.425
1071	2018.12.13 04:00	2018.12.13 04:15	113.452	113.487	113.161	113.233	113.305	113.378	113.450
1072	2018.12.13 06:15	2018.12.13 06:30	113.447	113.456	113.266	113.334	113.401	113.469	113.536
1073	2018.12.13 06:30	2018.12.13 06:45	113.456	113.495	113.296	113.354	113.412	113.470	113.528
1074	2018.12.13 10:00	2018.12.13 10:15	113.447	113.491	113.400	113.423	113.446	113.469	113.493
1075	2018.12.13 10:45	2018.12.13 11:00	113.444	113.452	113.398	113.423	113.448	113.473	113.499
1076	2018.12.13 11:00	2018.12.13 11:15	113.452	113.490	113.398	113.423	113.448	113.474	113.499
1077	2018.12.13 12:15	2018.12.13 12:30	113.465	113.472	113.397	113.423	113.448	113.474	113.500
1078	2018.12.13 13:15	2018.12.13 13:30	113.435	113.436	113.395	113.421	113.447	113.473	113.499
1079	2018.12.13 14:45	2018.12.13 15:00	113.480	113.487	113.409	113.430	113.452	113.473	113.495
1080	2018.12.13 15:30	2018.12.13 15:45	113.524	113.526	113.404	113.430	113.456	113.482	113.508
1081	2018.12.13 15:45	2018.12.13 16:00	113.526	113.540	113.401	113.430	113.460	113.490	113.520
1082	2018.12.13 16:00	2018.12.13 16:15	113.540	113.550	113.396	113.430	113.465	113.499	113.534
1083	2018.12.13 16:15	2018.12.13 16:30	113.550	113.553	113.390	113.429	113.468	113.507	113.545
1084	2018.12.13 17:00	2018.12.13 17:15	113.590	113.608	113.381	113.432	113.483	113.534	113.585
1085	2018.12.13 17:45	2018.12.13 18:00	113.639	113.646	113.369	113.438	113.506	113.574	113.642
1086	2018.12.13 18:00	2018.12.13 18:15	113.646	113.671	113.372	113.444	113.517	113.589	113.662
1087	2018.12.13 18:15	2018.12.13 18:30	113.671	113.705	113.374	113.451	113.528	113.606	113.683
1088	2018.12.13 20:15	2018.12.13 20:30	113.569	113.581	113.497	113.549	113.600	113.652	113.704
1089	2018.12.13 21:00	2018.12.13 21:15	113.606	113.609	113.520	113.564	113.608	113.652	113.697
1090	2018.12.13 22:30	2018.12.13 22:45	113.590	113.597	113.540	113.578	113.616	113.654	113.692
1091	2018.12.13 23:15	2018.12.13 23:30	113.589	113.599	113.534	113.570	113.606	113.642	113.677
1092	2018.12.12 00:00	2018.12.12 00:15	113.371	113.377	113.245	113.301	113.358	113.414	113.470
1093	2018.12.12 00:15	2018.12.12 00:30	113.377	113.379	113.246	113.302	113.358	113.415	113.471
1094	2018.12.12 00:30	2018.12.12 00:45	113.379	113.390	113.249	113.305	113.361	113.417	113.473
1095	2018.12.12 02:00	2018.12.12 02:15	113.384	113.397	113.350	113.372	113.394	113.416	113.439
1096	2018.12.12 02:15	2018.12.12 02:30	113.397	113.473	113.350	113.373	113.395	113.417	113.439
1097	2018.12.12 02:30	2018.12.12 02:45	113.473	113.485	113.344	113.370	113.396	113.423	113.449
1098	2018.12.12 03:15	2018.12.12 03:30	113.474	113.506	113.331	113.368	113.405	113.442	113.479
1099	2018.12.12 05:15	2018.12.12 05:30	113.454	113.466	113.353	113.394	113.435	113.476	113.517
1100	2018.12.12 06:00	2018.12.12 06:15	113.468	113.474	113.376	113.412	113.448	113.484	113.519
1101	2018.12.12 08:00	2018.12.12 08:15	113.447	113.472	113.418	113.438	113.458	113.479	113.499
1102	2018.12.12 08:45	2018.12.12 09:00	113.453	113.499	113.424	113.439	113.454	113.468	113.483
1103	2018.12.12 10:00	2018.12.12 10:15	113.444	113.450	113.413	113.434	113.454	113.475	113.495
1104	2018.12.12 10:45	2018.12.12 11:00	113.468	113.476	113.411	113.432	113.453	113.473	113.494
1105	2018.12.12 14:45	2018.12.12 15:00	113.387	113.400	113.377	113.407	113.438	113.468	113.499
1106	2018.12.12 15:45	2018.12.12 16:00	113.339	113.378	113.333	113.376	113.420	113.463	113.507
1107	2018.12.12 16:00	2018.12.12 16:15	113.378	113.388	113.330	113.372	113.415	113.457	113.499
1108	2018.12.12 18:00	2018.12.12 18:15	113.220	113.234	113.201	113.272	113.343	113.414	113.485
1109	2018.12.12 18:15	2018.12.12 18:30	113.234	113.241	113.192	113.262	113.332	113.402	113.472
1110	2018.12.12 18:30	2018.12.12 18:45	113.241	113.277	113.184	113.254	113.323	113.392	113.461
1111	2018.12.12 20:00	2018.12.12 20:15	113.236	113.265	113.167	113.223	113.278	113.334	113.389
1112	2018.12.12 20:15	2018.12.12 20:30	113.265	113.269	113.169	113.221	113.273	113.326	113.378
1113	2018.12.11 03:15	2018.12.11 03:30	113.112	113.193	113.070	113.146	113.222	113.298	113.374
1114	2018.12.11 05:45	2018.12.11 06:00	113.047	113.080	112.971	113.040	113.109	113.178	113.247
1115	2018.12.11 06:45	2018.12.11 07:00	113.062	113.076	112.979	113.030	113.081	113.132	113.184
1116	2018.12.11 07:00	2018.12.11 07:15	113.076	113.115	112.984	113.030	113.076	113.122	113.168
1117	2018.12.11 07:15	2018.12.11 07:30	113.115	113.126	112.987	113.031	113.074	113.118	113.161
1118	2018.12.11 08:00	2018.12.11 08:15	113.123	113.136	112.991	113.033	113.074	113.116	113.158
1119	2018.12.11 08:15	2018.12.11 08:30	113.136	113.149	112.989	113.032	113.076	113.119	113.162
1120	2018.12.11 11:00	2018.12.11 11:15	113.066	113.092	113.030	113.064	113.098	113.132	113.166
1121	2018.12.11 12:00	2018.12.11 12:15	113.054	113.098	113.028	113.063	113.098	113.133	113.168
1122	2018.12.11 12:15	2018.12.11 12:30	113.098	113.157	113.027	113.062	113.097	113.132	113.167
1123	2018.12.11 13:45	2018.12.11 14:00	113.137	113.149	113.025	113.060	113.095	113.130	113.165
1124	2018.12.11 14:30	2018.12.11 14:45	113.154	113.160	113.022	113.060	113.097	113.135	113.173
1125	2018.12.11 15:15	2018.12.11 15:30	113.138	113.206	113.027	113.067	113.106	113.146	113.186
1126	2018.12.11 15:30	2018.12.11 15:45	113.206	113.215	113.025	113.069	113.113	113.157	113.202
1127	2018.12.11 15:45	2018.12.11 16:00	113.215	113.221	113.027	113.074	113.121	113.169	113.216
1128	2018.12.11 16:00	2018.12.11 16:15	113.221	113.323	113.029	113.079	113.129	113.179	113.229
1129	2018.12.11 17:45	2018.12.11 18:00	113.355	113.355	113.039	113.121	113.204	113.286	113.368
1130	2018.12.11 18:00	2018.12.11 18:15	113.355	113.442	113.045	113.131	113.216	113.301	113.387
1131	2018.12.11 21:15	2018.12.11 21:30	113.387	113.439	113.216	113.272	113.328	113.383	113.439
1132	2018.12.11 23:00	2018.12.11 23:15	113.398	113.424	113.242	113.302	113.361	113.421	113.480
1133	2018.12.10 05:45	2018.12.10 06:00	112.363	112.389	112.143	112.290	112.437	112.583	112.730
1134	2018.12.10 06:00	2018.12.10 06:15	112.389	112.428	112.151	112.286	112.422	112.557	112.692
1135	2018.12.10 06:45	2018.12.10 07:00	112.448	112.470	112.215	112.300	112.385	112.470	112.555
1136	2018.12.10 08:15	2018.12.10 08:30	112.430	112.484	112.243	112.309	112.375	112.441	112.507
1137	2018.12.10 09:00	2018.12.10 09:15	112.523	112.580	112.268	112.336	112.405	112.473	112.542
1138	2018.12.10 09:15	2018.12.10 09:30	112.580	112.621	112.271	112.345	112.419	112.493	112.567
1139	2018.12.10 09:30	2018.12.10 09:45	112.621	112.638	112.277	112.356	112.436	112.515	112.594
1140	2018.12.10 09:45	2018.12.10 10:00	112.638	112.662	112.280	112.366	112.452	112.538	112.624
1141	2018.12.10 11:15	2018.12.10 11:30	112.703	112.745	112.331	112.440	112.548	112.656	112.765
1142	2018.12.10 14:15	2018.12.10 14:30	112.621	112.706	112.594	112.634	112.675	112.716	112.756
1143	2018.12.10 15:00	2018.12.10 15:15	112.727	112.861	112.607	112.646	112.685	112.724	112.763
1144	2018.12.10 15:15	2018.12.10 15:30	112.861	112.874	112.592	112.644	112.697	112.749	112.802
1145	2018.12.10 16:00	2018.12.10 16:15	112.880	112.975	112.559	112.641	112.722	112.803	112.884
1146	2018.12.10 16:15	2018.12.10 16:30	112.975	113.031	112.540	112.637	112.735	112.833	112.931
1147	2018.12.10 17:30	2018.12.10 17:45	112.913	112.982	112.524	112.659	112.795	112.930	113.066
1148	2018.12.10 18:15	2018.12.10 18:30	112.935	112.963	112.565	112.700	112.834	112.969	113.104
1149	2018.12.10 18:30	2018.12.10 18:45	112.963	112.972	112.593	112.722	112.851	112.980	113.109
1150	2018.12.10 18:45	2018.12.10 19:00	112.972	113.005	112.619	112.743	112.867	112.990	113.114
1151	2018.12.10 19:30	2018.12.10 19:45	113.016	113.119	112.743	112.830	112.917	113.003	113.090
1152	2018.12.10 19:45	2018.12.10 20:00	113.119	113.140	112.776	112.857	112.938	113.019	113.100
1153	2018.12.10 20:30	2018.12.10 20:45	113.172	113.184	112.807	112.897	112.987	113.077	113.167
1154	2018.12.10 20:45	2018.12.10 21:00	113.184	113.202	112.815	112.909	113.004	113.098	113.192
1155	2018.12.10 21:00	2018.12.10 21:15	113.202	113.204	112.821	112.920	113.020	113.119	113.218
1156	2018.12.10 21:15	2018.12.10 21:30	113.204	113.233	112.818	112.925	113.031	113.137	113.244
1157	2018.12.10 22:15	2018.12.10 22:30	113.204	113.249	112.848	112.964	113.081	113.197	113.314
1158	2018.12.10 22:30	2018.12.10 22:45	113.249	113.275	112.867	112.982	113.097	113.213	113.328
1159	2018.12.10 23:15	2018.12.10 23:30	113.336	113.339	112.923	113.036	113.150	113.263	113.377
1160	2018.12.07 00:30	2018.12.07 00:45	112.695	112.711	112.444	112.527	112.609	112.691	112.773
1161	2018.12.07 04:00	2018.12.07 04:15	112.700	112.715	112.659	112.679	112.699	112.719	112.739
1162	2018.12.07 04:15	2018.12.07 04:30	112.715	112.744	112.662	112.681	112.701	112.720	112.740
1163	2018.12.07 04:30	2018.12.07 04:45	112.744	112.745	112.660	112.682	112.703	112.725	112.746
1164	2018.12.07 04:45	2018.12.07 05:00	112.745	112.765	112.666	112.687	112.708	112.729	112.749
1165	2018.12.07 05:30	2018.12.07 05:45	112.762	112.810	112.671	112.695	112.719	112.743	112.767
1166	2018.12.07 05:45	2018.12.07 06:00	112.810	112.827	112.662	112.693	112.724	112.755	112.786
1167	2018.12.07 06:00	2018.12.07 06:15	112.827	112.865	112.658	112.695	112.732	112.768	112.805
1168	2018.12.07 07:00	2018.12.07 07:15	112.865	112.905	112.640	112.699	112.759	112.818	112.878
1169	2018.12.07 07:15	2018.12.07 07:30	112.905	112.916	112.635	112.701	112.768	112.835	112.902
1170	2018.12.07 09:45	2018.12.07 10:00	112.769	112.779	112.731	112.782	112.832	112.883	112.934
1171	2018.12.07 10:00	2018.12.07 10:15	112.779	112.805	112.733	112.783	112.833	112.883	112.933
1172	2018.12.07 10:15	2018.12.07 10:30	112.805	112.845	112.743	112.789	112.836	112.882	112.929
1173	2018.12.07 11:30	2018.12.07 11:45	112.826	112.844	112.750	112.793	112.836	112.880	112.923
1174	2018.12.07 12:15	2018.12.07 12:30	112.809	112.844	112.747	112.788	112.828	112.869	112.910
1175	2018.12.07 13:45	2018.12.07 14:00	112.787	112.815	112.756	112.782	112.807	112.833	112.859
1176	2018.12.07 14:00	2018.12.07 14:15	112.815	112.829	112.758	112.782	112.806	112.830	112.854
1177	2018.12.07 14:15	2018.12.07 14:30	112.829	112.844	112.758	112.783	112.807	112.832	112.856
1178	2018.12.07 14:30	2018.12.07 14:45	112.844	112.848	112.765	112.788	112.811	112.835	112.858
1179	2018.12.07 14:45	2018.12.07 15:00	112.848	112.884	112.771	112.793	112.815	112.838	112.860
1180	2018.12.07 16:00	2018.12.07 16:15	112.788	112.788	112.753	112.787	112.821	112.856	112.890
1181	2018.12.07 16:15	2018.12.07 16:30	112.788	112.804	112.751	112.786	112.820	112.855	112.890
1182	2018.12.07 16:30	2018.12.07 16:45	112.804	112.822	112.749	112.784	112.819	112.854	112.890
1183	2018.12.07 19:00	2018.12.07 19:15	112.676	112.713	112.566	112.661	112.755	112.849	112.944
1184	2018.12.07 19:15	2018.12.07 19:30	112.713	112.715	112.563	112.656	112.749	112.842	112.935
1185	2018.12.07 19:30	2018.12.07 19:45	112.715	112.726	112.561	112.652	112.743	112.834	112.924
1186	2018.12.07 19:45	2018.12.07 20:00	112.726	112.730	112.562	112.649	112.737	112.824	112.912
1187	2018.12.07 22:15	2018.12.07 22:30	112.656	112.676	112.577	112.622	112.667	112.712	112.757
1188	2018.12.06 00:30	2018.12.06 00:45	113.131	113.153	113.115	113.145	113.176	113.207	113.238
1189	2018.12.06 04:15	2018.12.06 04:30	112.820	112.837	112.722	112.860	112.997	113.135	113.272
1190	2018.12.06 04:30	2018.12.06 04:45	112.837	112.841	112.710	112.845	112.980	113.115	113.250
1191	2018.12.06 07:30	2018.12.06 07:45	112.716	112.745	112.610	112.683	112.756	112.829	112.901
1192	2018.12.06 07:45	2018.12.06 08:00	112.745	112.749	112.620	112.684	112.748	112.812	112.876
1193	2018.12.06 08:00	2018.12.06 08:15	112.749	112.791	112.620	112.682	112.744	112.806	112.868
1194	2018.12.06 08:15	2018.12.06 08:30	112.791	112.810	112.621	112.682	112.744	112.806	112.868
1195	2018.12.06 08:30	2018.12.06 08:45	112.810	112.853	112.621	112.682	112.743	112.804	112.865
1196	2018.12.06 08:45	2018.12.06 09:00	112.853	113.055	112.618	112.682	112.745	112.809	112.872
1197	2018.12.06 09:00	2018.12.06 09:15	113.055	113.107	112.573	112.666	112.758	112.850	112.943
1198	2018.12.06 12:00	2018.12.06 12:15	112.706	112.730	112.526	112.686	112.846	113.006	113.166
1199	2018.12.06 12:15	2018.12.06 12:30	112.730	112.783	112.534	112.692	112.849	113.007	113.164
1200	2018.12.06 12:30	2018.12.06 12:45	112.783	112.799	112.542	112.697	112.853	113.008	113.163
1201	2018.12.06 12:45	2018.12.06 13:00	112.799	112.811	112.548	112.702	112.855	113.009	113.163
1202	2018.12.06 13:45	2018.12.06 14:00	112.793	112.797	112.544	112.698	112.852	113.007	113.161
1203	2018.12.06 14:00	2018.12.06 14:15	112.797	112.812	112.544	112.692	112.839	112.987	113.135
1204	2018.12.06 18:15	2018.12.06 18:30	112.348	112.438	112.148	112.359	112.569	112.780	112.990
1205	2018.12.06 18:30	2018.12.06 18:45	112.438	112.473	112.137	112.345	112.554	112.762	112.971
1206	2018.12.06 19:15	2018.12.06 19:30	112.527	112.550	112.143	112.325	112.506	112.687	112.869
1207	2018.12.06 20:30	2018.12.06 20:45	112.501	112.576	112.245	112.342	112.439	112.537	112.634
1208	2018.12.06 22:15	2018.12.06 22:30	112.636	112.724	112.288	112.387	112.487	112.587	112.687
1209	2018.12.06 23:15	2018.12.06 23:30	112.677	112.695	112.389	112.475	112.561	112.646	112.732
1210	2018.12.05 11:15	2018.12.05 11:30	112.990	112.989	112.964	112.997	113.029	113.062	113.094
1211	2018.12.05 12:00	2018.12.05 12:15	113.002	113.010	112.960	112.994	113.028	113.062	113.096
1212	2018.12.05 12:15	2018.12.05 12:30	113.010	113.013	112.959	112.993	113.027	113.061	113.095
1213	2018.12.05 12:30	2018.12.05 12:45	113.013	113.021	112.958	112.992	113.026	113.060	113.095
1214	2018.12.05 14:45	2018.12.05 15:00	112.996	113.007	112.925	112.955	112.986	113.017	113.048
1215	2018.12.05 15:00	2018.12.05 15:15	113.007	113.012	112.930	112.957	112.984	113.011	113.038
1216	2018.12.05 15:15	2018.12.05 15:30	113.012	113.037	112.932	112.957	112.983	113.008	113.033
1217	2018.12.05 15:30	2018.12.05 15:45	113.037	113.069	112.929	112.957	112.985	113.013	113.041
1218	2018.12.05 16:30	2018.12.05 16:45	113.130	113.154	112.905	112.954	113.004	113.053	113.102
1219	2018.12.05 16:45	2018.12.05 17:00	113.154	113.167	112.895	112.954	113.013	113.071	113.130
1220	2018.12.05 17:00	2018.12.05 17:15	113.167	113.199	112.886	112.953	113.021	113.088	113.156
1221	2018.12.05 19:30	2018.12.05 19:45	113.136	113.146	112.993	113.050	113.107	113.164	113.221
1222	2018.12.05 20:15	2018.12.05 20:30	113.159	113.174	113.050	113.089	113.127	113.166	113.205
1223	2018.12.05 21:30	2018.12.05 21:45	113.182	113.190	113.110	113.132	113.153	113.175	113.196
1224	2018.12.05 21:45	2018.12.05 22:00	113.190	113.202	113.109	113.132	113.155	113.178	113.201
1225	2018.12.05 22:00	2018.12.05 22:15	113.202	113.218	113.106	113.132	113.157	113.182	113.207
1226	2018.12.05 22:15	2018.12.05 22:30	113.218	113.231	113.104	113.131	113.158	113.185	113.212


